176

συντιτράωε συντετρήσθω 68, 1.
98, 9. 122, 11. 156, 9. 184,
6. 228, 17. 266, 21. 310,
1 u. 6.

συντέτρηται 222, 5. 306, 3,
beide Male νει-(1316111518. 222, 5
k6nnte man vielleichb an
συνήρτηται denken.

συντόμως 20, 14. 428, 2.

συντρέγω 8, 13.

συριγγιὸιον 92, 2.

συρίγγιον 88, 7. 92, 10. 96, 22.
190, 8. 214, 7. 216,1. 220, 4.
226, 3. 254, 5. 232, 2 ιι. 6.

συριγμός 88, 3. 90, 2. 23.

σύριγξ (nicht σῦριγξ, vgl. Heron. ,
Bel. 86, 10 We. u. Philon.
Mech. synt. 74, 16. 75, 3
Schoene) 90, 4. 96, 19. 206,
1. 224,19. 346,10. 356,12.
362, 2. 374, 4. 393,14. 416,
17 u. 6.

συρίζω 136,12. 190, 2. 202,16.
226, 8. 20. 262, 5. 264, 18.

συρρέω 388, 20.

συσμηρίζω 72, 7. 134, 20. 150, 5.
136,17. 254,1. 266,16. 312,
14. 330, 4. 344, 5 ιι. 6.

συστεγνόω 40, 7. 56, 20. 72, 2.
100, 23. 122, 3. 172, 5. 212,
12. 264, 2. 313, 7 u. 6.

συστέλλει) 18, 23. 90, 7. 344, 22.

συστολή 20, 10. 12. 344, 11.
σύστομος 8, 17. 24. 98, 7. ·
συστρέφω 346, 10. 426, 18.
5υὲᾗῷἒῷ 20, 16 Anm.

συσφίγγω 20, 16. 430, 11.

“ σφαῖρα 16, 27. 20, 4. 70, 8.

123,1.2. 173, 7. 222, 2. 232,
affixit} 32, 20. 34, 3. 38, 9.

σφαιρίον 56, 16. 130, 3. 222, 8.
388, 19. 408, 14 U. ὃ.

W6RTERVERZEICHNIS.

σφίγγω 432, 14.

σφίγμα 344, 8.

σφοδρα 192, 14. 356, 7. 434, 7.

σφοδρός 12, 16. 20. 22, 16.
363,10.

σφοδρότης 248, 27.

σφῦρα 6,18. 340,17. 412, 24.

σχάζω 190, 10.

σχαστηρία 188, 1. 2. 11. 190, 6.
333,1ο.11.

σχῆμα 24, 5. 71, 9 Anm. 120,
20. 250, 4. 304,19. 310,19.

σχηματίζω 320, 8. 22.

σχίζω 72, 3. 16. 253, 2. 262, 3.

σωλήν 13, 3. 28, 20. 30, 22. .
40, 9. 48, 2. 50,11. 100, 2.
212, 11. 342, 18. 394, 3.

σωληνοὲριον 72, 9. 104, 6. 152,
16. 208,12. 210, 10. 230, 7.
266, 16. 20. 312, 7. 382, 24.

σωληνίδιον 74, 15. 76, 9. 27.
310, 1. 14.

σωληνίσκος 266, 12. 268, 6. 13.

σωληνοειὸής 210, 14. 318, 19.

σῶμα 4, 5. 6, 5. 3, 5. 10, 6.
12, 3. 16, 2. 22,11 u. 6.

σωματικάς 24, 24. -

Τάξις 2, 9. 8, 6. 200, 12. 236,
11. 246, 2. 340, 5. 403, 24.

ταπεινός 32, 6. 42, 11. 50, 28.
52, 5. 126, 15. 16 ιι. 6.

ταπεινόω 50, 9. 366, 11. 368,
26. 372, 4.

ταράσσω 420, 17.

τάσις 346, 13. 15. 343, 3. 374,
12. 448, 14.

τάσσω 56, 4. 122, 9. 364, 1.
412,17.

τάχα 16, 18.

ταχέως 218, 11. 392, 22.

τάχιον 12, 23.

τάχος 14, 7.

ταχύ 436, 17.

ταχύς 8, 14. 46, 22. 52, 4. 368,
11. 434, 21 ιι. 6.

