180

χαλκευτικός 132, 21.
χαλκός 26, 20. 148, 5. 442, 18.

χαλκοῦς 14, 16. 130, 13. 222, 15. .

344, 4. 380, 23. 432,10 u. ὅ.
χαρακοειδῶς 262, 12. 264, 2.
χάραξ 264, 13.
χαρίεις 348, 23. 410, 21.
χάρτης 432,15.19.434,1.3.7.11.
χάσμα 442, 12.
χασμάτων 316, 2.
xenos 8,19. 56, 2. 110, 2. 168,
χειμέριος 414, 11.
χείρ 6, 9. 20,14. 170, 3. 186,

10. 264, 8. 286, 13. 350, 17.

376, 11. 416, 14. 422, 11.
χειρολαβίς 50, 7 . 25.
χελωνάριον 100, 4.
χερίον 422, 20. 424, 2. 436, 5.
χέω 76, 11. 29. 178,10. 228,

2. 19, χεθείς 180, 9. 20.
χοινικίς 344, 5. 372, 27. 374,

1. 2. 6. 11. 376, 15. 18. 378, 1.
χορδή 448, 9. 18. 450, 4. 10.
χορεύω 214, 3. 216, 4. 232, 2.

352,14. 392, 24. 396, 2 u. ὃ.
χορηγια 506, 6.
χράομαι 178, 23. 316,15. 344,

21. 348, 22. 354, 4. 412, 15.
χρεία 2, 19. 106, 19. 108, 1.

134, 18.
χρή 400, 4.
χρήσιμος 56, 16. 314, 3.
χρίω 426, 10.
χρόνος 14, 9. 20, 16. 174, 9.

244,11. 286, 9. 340, 6. 344,

18. 352, 7. 402,11. 414,1.

506,19.20.
χρυσόω 450, 6.
χρῶμα 452, 1.
χρωμάτων 426, 11.
χύσις 26, 15.
χώνη 88, 5. 90, 21. 96, 9. 98,

11. 118, 7. 136, 21. 216, 7.

224, 3 u. ὃ.
χωνίὸιον 146, 21. 23.

WGRTERVERZEICHNIS.

χώρα 8, 4. 60,14. 64, 5. 84, 4.
102, 14. 112, 19. 152, 10.
218,16. 220, 27. 390,3 u. ὃ.

χωρέω haufig, z. B. 10, 17. 26,
16. 36,18. 54, 5. 68,11.
144,1. 172,15. 208,10. 266,
8. 448,15.

χώρημα 242, 1.

χωρίζω 84, 4 (vgl. Anab. VI,
5‚11). 324, 6.

χωρίς 198, 5. 268, 21. 406,1.
456,11.

Ψάμμος 6, 27. 8, 2. 416, 18.
420, 8.

ψαύω 18, 3. 30, 26. 56, 5. 7.
158,14. 162, 11.

ψευδής 32, 4. 22.

’ψεῦδος 14, 14.

ψιλός 226, 7. 20.

ψόφος 20,17. 136, 12. 340, 17.
352, 23. 412, 25. 424, 16.

ψυχρός 58, 14. 60, 6. 62, 8.
64, 2. 304, 15. 16. 308, 1.
314, 11.

’.Ωθέω 80,18. 202, 2. 254,15,
ὠθήθη 430,1, ὠθήσει 196,

ὦμος 422, 15. 17. 19.

ᾠόν 8, 23. 20, 25. 26, 25. Zu
den ἰατρικὰ ᾠά vgl. Phil.
Meoh. Synt. IV, 77, 28 f.
ἀγγεῖα τοῖς μὲν σχήμασιν
ὅμοια πυξίσιν ἰατρικαῖς μὴ
ἐ ούσαις πώματα (ἐξ ἐλατοῢ
μ ν χαλκοῦ).

ὡροσκοπεῖον 2, 13. 456, 1. 5.
506,25.

ὡς ‘wie’ hffiufig, z. B. 2, 15.

, 20, 6. 190,19. 266, 7. 354,

14. 366, 6, ‘ungafahr’ 76,19.
78, 7. 350, 1 u. 6., beim
Superl. 342, 22. 450, 6, ὡς
ἐπι 198, 21, ὡς ‘als ob’ 354, 5.
408,10, ὡς = ὥστε 150, 9.

