170

πεῖρα 988, 9. 390, 13. 376, 8.
93. 354,14.

πειράομαι 342,
398, 9. 404, 9.
πελεκύνοειδής 326, 3.
misano} 370, 3. 5.
πέλεκυς 340, 17. 412, 24.
πεντάδραχμον 110, 13.
πέρας 66, 96. 440, 4.

περί m. Gen. 2, 15. 4, 1. 11.
26, 25. 342, 5. 9, m. Aecus,
10, 4. 132, 12. 13. 184, 1.

186, 7. 344, 13. 346, 8.

περιάγω 410,19. 434,14. 446,2·1.
περιβαίνω 232, 15. 302, 29.

304,..15

περιβάλλει) 356, 10. 358, 19.

384, 93.
περιγιγνώσκω 426, 3.

περιειλέω 162, 9. 346, 8. 348, 8.
374, 3. 394, 10. 398, 9. 494,

22. 432, 22.
περιελίσσω 438, 22.
περιεμφανίζω 422, 3.
περιέρχομαι 352,1“4. 28.

περιέχω 432, 17. 450, 17. 506, 9.
περίκειμαι 40, 9. 94, 4. 136, 7.
168, 5. 186, 3. 234, 2.17.
256, 13. 346, 12. 356, 5. 378,

1. 380, 5 11.δ.
περικύκλῳ 352,13.

περιλαμβάνω 19,8Α11Πι. 64,11.
27.176,2. 234,14.246,17.

περιλείπω 10,13.
περιοχή 18, 7. 17. 20,1.

περιπλέκω 16,1ΑΠΠ1.17, 9Anm.

περιρραίνω 110, 14. 148, 6. 8.
περιρραντήριον 1,48 5.
περιρρινέω 438, 8.
περισσεύω· 202, 1.

πἐρίστασις 344, 23.
περιστεγνόω 270, 5.
περιπρέφω 142, 25. 150, 23.
περιστύλιον 390, 7.
περισφίγγω 430, 9.

περιτείνω 408, 21.

περιτέμνω 438, 8

ΨόΒΤΕηηΜῡΖΈωΗΝῑε.

περιτίθημι 296, 6. 358, 9. 392,
19. 420, 11. 436, 6. 438, 20.
446, 2.

περιτρέχει) 350, 3.

περιτυγχάνω 408, 8.

περιφανής 350,- 13.

.. 622⁸...-
. , . , . , . .

περιφερής 66, 15. 25. 326, 1. 11.

περίφραγμα 264, 7.

περόνη 100, 6. 132, 13. 202, 12.
232, 12. 294, 6. 302, 28. 430,
15. 438, 10. 446, 3 11. 6.

περόνιον 132, 7. 194,1. 204, 9.
242, 16. 326, 8. 436, 10. 440,
7. 444, 6. 450, 10 u. 6.

πῆγμα 204, 12. 206, 2. 356, 6.

πηγμάτων 48, 19. 98. 909, 21.

πήγνυμι 48, 13. 56,=3. 232, 11.
294,2. 302,23. 416,3. 438,10.

πῆχυς 350, 1.

πιέζω 4, 18. 58, 4. 11. 28. 62,
99. 939,16. 234, 5. 18. 349,13.

πιθανός 16, 18. 95. 18, 96. 22,
5. 422- 6.

πιλέω 8,’ 3. 76, 5. 11. 13. 93.
99. 31. 134, 2. 919,19. 944,

πίλησις 16, 23. 22, 14. 70, 15.
98. ⁷4, 21.,31. 946, 3.

πιλόω 8, 3 m.

πινάκιον 410, 7.

πίναξ 340, 9. 14. 410, 11. 19.
25. 412, 7. 1-2. 14. 16. 416, 2.

πίνω 136,12.138,1-.1 1:40, 8.
144, 5. 146, 98. 399, 8 3'30,
8. 9’. 339, 6’.

πίπτω 16, 21. 168,15. 408, 6.
414, 90. 448, 9. 450, 13.

πιστεύω 32, 5. 23.

πλάγιος 56, 8. 72, 5. 22. 74, 3.
196, 3. 11. 17. 204, 2. 3. 214,
21.218,15. 416,19.

πλάτη, ἡ 204,15.

πλατος 78, 2. 350,1. 5. 416, 4.

πλατύς 326, 2.

