146

ἀληθής 32, 18.

ἀλλάσσω 348, 18.

ἀλλήλων 6, 24. 8, 5. 18, 28. 26,
20. 130, 17. 134, 21. 382, 24.

ἄλλος 11811113, z. B. 4, 5. 6, 10.
10,11. 88, 8. 128,17. 288, 2.
342, 21. 364, 25.

ἀλλότριος 10, 4.

ἄλλως 8, 23. 38, 8. 180, 2. 140, 7.
178, 27. 218, 13. 288, 19.
328,18. 372,17. 400,14ι1.6.

ἀλόγως 442, 1.

ἁλυσείδιον 108, 5. 176,8. 178,1.
180, 5. 186,18. 188, 2. 382, 1.
446, 6 u. 6.

ἅλυσις 94, 8. 22. 28.

ἅμα 216, 16. 274, 22. 302, 2.
348, 9. 852, 17. 868, 21.
372, 14. 388, 4 u. ὃ.

ἀμαυρότερος 12, 20.

α”μεινον 102, 13.

ἀμιγής 162, 12, ἄμικτος 68, 30.

ἅμμος 346, 22.

ἀμυδρότερος 12, 26.

ἀμφότεροι h'aufig, z, Β. 38, 17.
62, 27. 84,21. 160, 6. 264, 3.
346, 21. 606, 14.

ἀνὰ μέρος 62, 31.

&vamum 234, 10. 238, 21.

ἀνάβασις 322, 6. 342, 14.

&meum 412, 6.

ἀναβράζω 316, 1.

ἀναγκαῖος 2, 7. 84, 2. 252, 8.

ἀναγκαιότατος 2, 18.

ἀναγκαίως 354, 4.

ἀνάγκη 34, 26. 146,13. 252,28.
254, 8. 11. 278, 8. 398, 21.

ἀναγράφω 354, 13. 404,8.10.14.

ἀνάγω 32, 24. [408,9.13.

ἀναδύομαι 438, 19.

 

WORTERVERZEICHNIS.

ἀναθυμίασις 12,2. 5. 9. 13. 18. 20.

ἀναιρέω 10, 1 Α11111.

ἀνακαίω 80,14. 82, 4. 8. 214,2.
362, 8. 20. 382,15. 388, 4.
414,15. 440,18.444,1. 448,13.

ἀνακαλύπτω 216, 15.

ἀνακαμπή 60,12. 302, 30. 304,
2. 8. 820, 3.

ἀνακάμπτω 86, 7. 118, 2. 216, 2.
232, 1. 302, 19. 310, 15.

ἀνάκανσις 380, 18.

ἀνακαχλάζω 88, 15. 20.

- ἀνακλαω 26, 7. 10.

ἀνακουφίζει) 222, 8.

ἀνακρούω 26, 10.

ἀναλαμβάνω 64, 3. 18. 224, 14.

ἀνάλογον 126, 21. 456, 16.

ἀνανεύω 134, 14. 294, 16.

ἀνάπαλιν 376, 10.

ἀναπιέζω 70, 9. 72, 14. 27.
132, 17. 184, 12. 212, 10.

ἀναπιεσμός 136, 3.

ἀναπίνω 14, 10. 12. 13.

ἀναπιτύζω 382, 21.

ἀναπιτυσμός 352, 21.

ἀναπληρόω 8, 20. 16, 24. 28, 8.
138, 9. 28. 178, 18. 224,16.

ἀναπλήρωσις 252, 28.

ἀναπνοή 22,19. 68,12. 13. 62,2.
9. 258, 33. 260, 1. 278,4. 15.
286, 5 (syn. διαύγιον)*>.

ἀναπτύω 76, 10. 28.

ἀνάπτω 80, 21. 26. 1-78, 30.
180, 19. 214, 13. 216, 14.
262, 4. 340, 20. 382, 10.

ἀναπυτίζω 134, 1. 212, 18.

ἀναπωμάζω 20, 17.

ἀνασείω 134, 9.

ἀνασπάω 10, 1. 74, 7. 76, 1. 6.
24. 366,16.

- *) Es ist auffflllig, dass ἀναπνοή 11111· 111 bestimmten Ab·
sohnitten vorkommt. Sollte das mit Herone Quelle zusammen-
hangen‘? Vgl. auch 12, 7 (κατ’ ἐκεῖνο) in dem von Philon bem.
Straton entlehnten Prooemium und 82, 13 (τὴν κατ’ ἐκεῖνο

ἀναπνοήν).

