WORTERVERZEIOHNIS 1 ἴ)

ἐκρέω 11311118, z. B.
208, 7. 346, 23. 402, 4.
456, 8, ἐκρερενκώς 160, 4,
§ucham 11. 3. 256, 7. 292,
11, ἐκρυείς11. 9.. 124’, 12. 256,
9. ’368, 24, ἐκρεύσει’ 210, 12.
286, 9. 31'4, 14, ἐκρυήέεται
68, 12. 30. 268, 8. 292, 5. 7.

ἔκφυσις 54, 7. 9. 12. 20. 23. 252
ἓξὲξ. 12. 140, 3. 288, 14. 18.
, .

..ἐκσπάω 394, 6. 416, 24. 430,
14. 440, 6. 446, 13.
ἐκτέμνω 324, 1.
ἐπιτίθημι 2, 10 Α11111. 310, 4.
342, 6. 348, 24.
ἐκτός h'aufig, z. B. 6, 21. 20, 3.
17. 50, 30. 136, 18. 438, 9.
εἰς τὸ ἐκτός 126, 19. 166,
3. 236, 9 270, 4 u. 6. (εἰς
τὸ ἐκτὸς μέρος 184, 20. 352,
17 11. ὃ.)
ἐκτός 111. Gen. 18, 9. 238,
14. 352, 3. 380, 14. 410, 18.

ἐκφαίνω 326, 6.

ἐκφεύγω 348, 20.

ἐκχ ἕω 14, 9. 68, 33. 70, 20.
174, 18. 236, 30. 352, 1’1.

ἐκχ ύνω 310, 1.

ἔκχυσις 352’, 22.

gusto? 52336536, 2113 16’,”8 {g
224,13. ’242, 7. 326, 18 ’

ἔλαιον 14, 23. 164, 3. 264, 21.
268, 4. 272, 8. 344, 6 1).. ὃ.

ἔλασμα 16, 27. 70, 14. 27.

ἐλάσσων ὴῆυῇς, z. B. 10, 16.
18, 25. 32, 4. 64,14. 158, 9.
258, 2. 396, 25. 400,11.

ἐλάτινος 432, 8.
ἐλαττόω 14,17.

ἔλα φρός 41'6, 3 422, 8.
ἐλάφ χιστος 212, 8.

ἕλιξχ 50, 6. 372, 3.
ἑλίσσω ’436, 2.

84, 23.

ἕλκω 254, 6, 328,11. 348, 5
6. 416, 17. 420,19, ἑλκυσθείὲ
436, 16. 440, 6. 452, 4.

ἐλλιπής 14, 23. ’,264 21. 272,14

ἐλλύχνιον 162, 8. 164, 1. 9.

ἕλξις 42,14.

ἐμβαίνω 326, 5. 11. 344, 3. 5.
354, 22. 3'72, 2.

ἐμβάλλω 11311118, z. B. 10, 9.
26,14. 124,1. 160,17. 224,9.
316,13. 412,14.

ἐμβιβάζω 378, 9.

ἐμβολεύς 76, 6. 130,14. 132,10.
134,6. 192,12. 196,12. 200,
19. 202, 4. 204, 4 u. 6.

ἐμπαίζω 70, 6. 24.

ἐμπεριλαμβάνω 122, 14.

ἐμπήγνυμι 200, 3. 420, 5. 424,
20. 438, 15. 440, 1.

ἐμπίπτω 4, 16. 32, 23. 124, 4.
212, 3. 326, 19. 408, 16 U. ὅ.

ἐμπλέκω 300, 18.

§mosagao 342, 14.

ἐμποιέω 6, 23 Anm. (b).

ἐμπρησμός 130, 11.

ἔμπροσθεν 56, 8. 132, 17. 350
21. 352, 19. 364, 6. 380, 3.
416, 12. 424, 17. 430, 2.
446, 24.

ἐμπυελίδιον 370,1.2. 378, 8.

ἐμπυελίς 344, 3- 4.

ἐμφανίζω 410, 24.

ἐμφράσσω 108, 22. 138, 19.

ἐμφυσάω 18,11. 2Ο,7. 13. 212,
16. 18. 226, 12. 228, 4. 242, 9.
244, 6. 7. 270, 6.

ἐνὴῆἦῇἕ, z. B. 4, 8, &vus-m.
Inf. 50,19. 22, ’ἐν instru-
mentale' 422,1(’), ἐν fiu- εἰς
140, 4. 142, 7. 182, 4. 266,22
(8. 31110111 ἐμ ἄλλω 10,9. 160,
17). huc. V11’ 7 ἀπο-
στελοῦνὲτές ἐν Σικελίᾳ, Paus
Vll 4, 3 διαβαντες ἐν’ Σαμῳ

