wbssTERvERzmcHMS. 181

306, 2. 338, 6, φανερὸν ὡς ὥστε m. Indik. 14, 10. 18. 34,
26, 13, ὡς ἄν m. Konj. ‘wie' 21. 30. 150, 11.

112, 15. 340, 21. 352, 4. m.1nfln.h3ufig,z. Β. 4, 20.
(380, 8), ὡς ἄν ‘damit’206,3, 22, 3. 50, 8. 106,19. 152, 4.
ὡς - οὕτως 456, 17. 264, 10. 346, 9.
ὡσαύτως 164, 8 Anm. ποιῆσαι ὥστε 148, 7.
ὡσεί 268, 20. 438, 6. 442, 13. ὥστε ‘daher’ 410, 22.
ὥσπερ 14, 6. 24, 7. 30,12. ὠτίον 68, 2. 210, 3. 232,10.
322, 6. 326, 3. 380, 30. 280, 15. 282, 5.
408, 3 n. ὃ. ὠφέλεια 410, 3.

ὡσπερεί 78, 1. ὠφελέω 2, 11.

