wbssTERvERzEmHMS.

λοιπός 34, 14. 156, 3. 162, 2.

’ 220, 27. 248, 4. 306, 6. 364,
22. 408, 23 U. ὃ.

λουτηρίδιον 170, 4. 10. 172, 3.
9. 12. 174, 18.

λυχνία 264,20. 266, 3. 6. 270,19.

λύχνος 14,23. 26,18. 162,5. 6.
164, 2. 264, 20. 22. 266, 1.
442,14.17.22.

λύω 178, 25.

Μαγειρικός 60, 17.

μάθημα 2, 11.

μαθηματικός 506, 4.

μακρότερος 32, 8. 10. 26. 28.

μακρύνω 12, 21.

μάλα 344, 14. 418, 2. 422, 9.

μάλιστα 4, 6. 410, 23. 450, 6.

μᾶλλον 12, 8. 26, 19. 60, 2.
342, 1. 382, 11.

μαχαίριον 326, 10. 19. 328, 5.

μεγάλως 32, 5.

μέγας 16, 4. 20, 26. 32, 23.
168, 16.

μέγεθος 158,11. 354, 7. 362,
10. 426, 9.

μέγιστος 410, 3.

μέθοδος 348, 22, 354,14. 372,

μείζων Ιαῆυῧς, z. B. 8, 12. 22,
1. 32, 3. 130, 8. 236,13.
354, 4. 400, 10.

μελαγκορνφίζω 300, 13.

μελαγκόρυφος 88, 2. 20. 90, 1.
300, 2. 4. 17. 302, 2.

μέλας 442, 4. 450, 4.

μέλλω 4,1. 36,11. 70,15. 84,1.
12Ο,18. 264, 9. 342,12. 376,
11. 426, 8. 448, 4 u. 5.

μέντοι 4, 8. 30, 19. 50, 19. 88,
14. 134,15. 160,14. 210, 7.
250, 23. 316, 7. 400, 4 u. 5.

μένω 20,15. 42, 7. 50, 3. 68, 7.
124, 11. 132, 13. 238, 3. . 364,
10. 416, 24. 428, 5 u. 5.

165

μέρος ὴὲηῇς, z. B. 6, 25. 30, 3.
102, 7. 192, 6. 252,10. 312,
8. 338, 6. 364, 27.

κατὰ μέρος 338, 8. 354, 9.
408, 23. 412,18. 448, 4.

μεσολα έω 380, 6.

μέσος ᾶηίίἕ, z. Β. 40, 2. 72,
23. 84, 2. 158, 6. 198, 12.
222,12. 322,11. 356,1. 380,

μετά m. Ace. haufig, z. B. 2, 10.
54,15. 118,10. 210, 6. 340,
6. 414, 6, m. Inf. 160, 21.
256, 7, m. Gen. 18, 20. 138,
11. 244,12. 344,16. 352, 23.
420,15.

μεταβαίνω 266, 26.

μεταβάλλω 10, 11. 24. 12, 1. 3.
12. 14, 7. 18. 21.

μεταβολή 14, 20.

μετάγω 204, 12.

μεταξύ 6, 26. 14, 27. 22, 11.
42, 2. 56, 4. 78, 3. 150, 4.
232, 5. 364, 4. 378,11 u. 5.

μετατροπή 12, 14.

μεταχειρίζω 410, 21.

μεταχωρέω 118, 14. 124, 2. 126,
18. 220,15. 240,10. 242, 2. 5.
252, 10. 27. 268, 11. 332, 3.

μετεωρίζω 30, 13. 50, 27. 94,
30. 108,11. 128,19. 196,13.
228, 7. 286,10. 366,11. 372,
4. 424,14 u. 5.

μετέωρος 50, 9. 52, 11. 29. 146,
6. 274, 20.

μετρητής 22, 18.

μέτρον 208,10, 282, 17. 288,
3. 5. 292, 16. 294, 11. 17.
296, 3. 4. 5. 354, 4.

μέχρι 126,12. 252, 6. 314, 8.
316, 8. 10. 320, 4. 456, 12.
506,12.21.

μηδαμόθεν 286, 2.

μηδαμῶς 452, 2.

μηδεις 4, 2. 3. 8, 15. 342, 8..

μηδέτερος 36, 3.

