WORTERVERzEmHNIS.

ἀραίωμα 10, 8. 16, 12. 178, 16.

19. 252,13. 30.
ἀραίωσις 22, 6.
ἀραρός 378, 7.

,ἀραρότως 4’1,6 24. 418, ,2ί64ξῗ

ἀργός 372, 7.
ἀρέσκω 4, ’.11 378, 4
ἀρίς 412, 25.

ἀριστερός 348, 17. 18. 350, 18.

ἄρκέω 410, 24.
ἀρμένια 422, 10.13.

2ρὲ32822 8288 23 2 8,·2428, 82 ⁰434}
14. 4’38, 4, ἅρμόζων 1’92, 15Ϊ
338, 14' 340, 8 10. 350, 7.

392, 10. 404,’ 13.

ἁρμοστάς 94, 4. 19. 112,1. 180,
16. 192,12. 198, 7. 232, 6.

372, 8. 394, 1.
ἁρμοστῶς 346, 19. 372, 28.

ἄρρην 54,2.11. 322, 11. 326, 22.
ἀρύω 60, 18. 27. 102, 21. 106,

13. 110, 6.

ἀρχαῖος 2, 9. 348, 19. 410, 4.

412, 3. 506, 4.

ἀρχή 11311113, z. Β. 42, 18. 86,
1316. 264, 5. 346, 3. 392, 8.

416, 25. 434, 10.

ἐν ἀρχῇ 288, 9. 352, 5.

412, 19.

ἐξ ἀρχῆς 10,15. 46,19.

200, 12. 354, 2 116.

κατ’ ἂρχάέ 164, 13. 166, 7.

246, 5. 22.
Ἀρχιμήδης 24,11.

ἄρχομαι hafflig, z. B. 32, 15.
56, 12. 96, 21. 146, 26. ’248,

11. 876, 9. 410, 7.

ἀσκός 170, 3. 8. 16. 172, 25.
174, 7. 18. 180, 15. 242, 11.

ἄσκωμα 180, 6. 182, 5.

ἀσκωμάτιον 180, 3. 10. 182, 4.
ἀσσάριον 74, 5. 76, 17. 132. 2.

20. 134, 10.
ἀστεῖος 412, 14.

 

ἀστερίσκος 424, 19. 21. 2422433,

149

ἀσφαλής 372,15, Komp. 342,1.
ἀσφαλτώδης 12, ’.8 [410,’ 9.
ἀσφαλῶς 146, 22. 192, 17. 238, 22.
ἀτμίς 222, 7’ 230, 2’3. 316, 12.
ἀτμός ’10, 26. 84, 3. 306, 9. 13 ff.
ditono} 38, 22.
αὐγή 26, 4. 9. 19.
αὖθις 58,29. 196, 25.
αὖλίσκος 148, 11. ’150, 8. 9. 11.
14. 17. 25ὀ, 5. 252,18. 254,
8. 9. 15. 23.
αὐλός 196, 4. 11. 18. 19. 198, 2.
204,1. 206, 1. 262, 7.
αὖξάνω 22, 4. 8. 396, 24.
αὔξησις 22, 5. 8.
αὐταρκης 108, 1. 186, 22.
αὐτόματον, τό 338, 16. 344, 20.
352, 6. 878, 4 u. ὅ.
αὐτοματοποιητική, ἡ 338, 2. 7.
αὐτοματοποιητικός 338, 3.
αὐτόματος 1131163, z. B. 70, 10.
198, 17. 338, 10. 340, 4.
346, 12. 354, 2. 372, 6. 392,
13. 434, 20. 438,19.
αὐτομάτως 90, 13. 174, 12.
840, 7. 424, 18.
καὶ αὐτός 256, 5. 264, 1. 266, 6.
αὐτῶν -- ἡμῶν αὐτῶν 52, 14.
ἀφαιρετός 274, 15. 306, 19.·
ἀφαιρέω Ιὶὲῆιΐις, z. Β. 24, 14.
54, 15. 28. 110, 11. 124, 18.
124,19. 252, 3. 268, 3. 274, 5
(ἀφελοῦμεν 304, 4).
ἀφανής 4, 12. 14, 9. 386, 16.
396, 9. 18. 406, 2. 416, 8.
ἀφανίςω 340, 21. 414, 20. 448,
3. 450, 13. 452, 7. -
ἀφίημι haufig, 24, 10. 54, 11.
184,16.186,11.234,16. 286,
15. 300, 21. 356, 16’. 428, 1
ἀφικνέομαί 268,13’.
ἀφίστημιε ἀποστάς 204, 21.
352, 6. 358,14, 402,12,,
ἀφέστώς 416,1.9

