wbmssvmzmcmna

ὄγκος 8,10. 10, 14. 18, 25. 76,

12. 30. 118,17.

ὀδοντόω 162, 10. 164, 5.

ὀδοντωτός 322, 12. 15. 326, 21.

ὁδός 354,10. 376, 27. 396, 26.

ὁδούς 162,11. 19. 21. 164, 2.
326, 15. 16. 21.

ὅθεν 22, 17. 376,14. 420, 1.
446, 22.

ὀθόνιον 426, 9. 15. 17. 428, 1.
430,12.19. 432, 18. 440, 8.
446, 14. 450, 11. 14. 16. 20.
452, 6.

οἰκονομέω 404,16. 412,1. 452,

οἰνοὃοχ εῑον 264, 7.

οἰνοδόχ ος 262,10. 264,1.

οἶνος ffiufig, z. Β. 26,14. 56,
23. 86, 10. 152, 3. 256, 2.
352, 11. 386, 4.

, οἰνοχοέω 56,1'5. 21.

οἴομαι 20, 6

οἶον- == z. Β., 242,10. 282,17.
340, 16.19. 344, 2. 368,13.
432, 4.

οἱονεί 258, 20.

οῑος 16,13. 48, 31. 56, 17. 60,
26. 92, 2. 132, 2. 17. 250, 3.
304, 19. 342, 16. 344, 12.

οἱοσδήποτε 71, 9 Amn.

οἴχ χομαι 80,15.

ὀκταγωνος 170, 24.

onyae 10,16 ’,42 3. 186,16.
244,11. 2738,3. ’34,4 14. 368,
23. 398,13.’410,15’ u. 5.

ὀλισθηρός 346, 22.

ὅλος 4, 20. 42, 8. 134, 16. 160,

4. 256, 24. 286, 11. 328, 5.
378, 3. 434, 3 11.δ.

” ὁμαλός 46, 7. 12. 16ff. 52, 4. 7.
13. 20. 342, 12. 506, 5. 24.
Ξὲῗῗὲς 1⁵0² 3¹. ἐξ, 36(ῃοῖ ἐξ..)
120, 20. 162, 12. 186,- 23.
250, 20. 348, 7'. 408,19. '450,

167

ὁμοίως Ιιῆιιῖις, z. B. 8, 11. 40, 5.
136, 20. 186, 3. 318,20. 376,
17. 452, 1.

ὁμόνοια 84, 25.

ὁμοῦ 256, 20.

ὁμόχρους 422, 12.

ὀμφαλός 164, 2. 272, 7. 432,

ὀξύς 46,1.1.

ὀπή 64, 5. 116, 17. 172,1.1.
212, 15. 228, 3. 242, 7. 284,
19. ’,382 15. 442,13’. 456, 6
u. ὃ.

ὅπῃ 36,18 20. 38, 6.

ὄπισθεν 98, 6. 148, 9. 350, 21.
416, 8. 424, 1. 430, 2. 436,1.
446, 19. 45'0, 20 u. 5.

finiamus 144, 12. 352, 20.

&niam 274, 19. 29. 326, 16.
328, 3. 342, 15. 442, 9.

ὁποῖος 62, 28. 92, 8. 158, 24.

ὁκόσος 28, 6. 04, 3. 18. 164,15.

ὁκόταν 122, 15. 288, 5.

&cdv-6909 62, 12. 84, 14 Anm.

ὅπου 36, 20 Anm. 90,1-1. 448, 4.

ὅπως m. Konj. haufig, z. B.
18, 5. 162, 11. 242,1. 344, 7.
424, 2, m. hd. Fut. 368, 23.

ὅραμα 280, 7. 354, 5.

ὁράω 6, 2. 14, 22. 26,15. 32,
19. 96,14. 306, 17. 360, 8.
412, 7. 434, 9.

ὄργανον 134,16. 136, 6. 192, 2.
202, 16. 346,17. 348, 5. 8. 10.
400, 9. 452, 10.

ὄρεξις 24, 16.

ὄρθιος 72, 9. 110, 19. 126, 1.
132,11. 164, 4. 192,17. 204,
2. 306, 2. 378, 7. 11 u. 5.

ὀρθογώνιος 120, 5. 10. 354, 19.
366,1. 372,18.

ὀρθός’6, 1. 4817 76, 9 192,
11. 230, 17. ’294, 2. 302, 23
362, 7. 408,.4 440,.2u ὃ.

ὀρθόω 282,1’1.

