174

σανίς 342, 16. 352, 1. 416, 3.

488, 7. 442,1.
σάρξ, 8, 20. 252, 7. 12. 18.

Σατυρίσκος 170, 2. 30. 242, 10.

σαφῶς 2Ο,10.

σβέννυμι 82 3. 1,74 12.178,14.

180, 23 182, 3.

σειρά 48, 31. vgl. oben S 62.

σήῃῳμοι 446, 20

σημεῖον 18, 4. 284, 13. 296, 4.

322, 1. 364, 4. 14.
σημειᾴω 2961.
σίδηρος 26, 21.

σιδηροῦς 158, 3. 5. 162, 7. 204,
12. 344, 3. 380, 24. 438, 10.

σικύα 10, 4. 16, 10. 14. 250, 2.

3. 11. 23. 252, 7. 27.

σι’φων 11811168, z B. 18, 2. 28,
18. 40, 4. 50, 10. ’84, 12.
118, 4. 176, 5. 246, 11., 264, 5.

,σκέλος 28, 21. 82, 3. 54, 3. 118, 5.
246,12. 276,18. 278, 9 u. 6.

σκεπαρνίζω 340, 16.
σξιέπτομαι 320, 13.
σκευάζει) 106, 19. 108, 7.
σκεῦος 43, 20 Anm.
σκοπέω 18, 12.
σῃυτάλιον 204, 14. 19.

- σκύφος 350, 19. 352, 11. 22.

882, 21. 884, 2. 7 19.
σμηρίξω 78, 2. ’.18 182, 6.

σμέιὲὅσμὲι 13832, ἐξ. 22258, 4ἶ4244, ,10.
25. '268 ,19. 806, 23. 2828, 88. 1⁹²..
σμῃρισμάτφον 54, ,2. 244, 2. 274,

6. 806, 20.
σπαθίον 200, 4. 10. 12.
σπάνιος 354, 12.

σπάρτος 100, 7. 128, 13. 130, 3.
188, 2. 190, 7. 344, 10. 348, 3.
358, 1. 874, 8. 392,18 u. 5.

σπειρίον 350, 6.

σπένδω 80, 5. 82, 2. 262, 5.

264, 8. 888, 16 u. 5.· “
ἶῖἷὲἶέἓῗοῗ ’ 1810, 13. 15.

WQRTERYERzEmHMS.

σπουδή 2, 4.

maigeo 62, 26. 102, 30. 224, 2.

στάθμη 78, 1.

σταθμός 94, 27. 96, ,18. 108,

στάσις 848, 8. 19. 896, 4.

⁶3?an 338, 17. 340, 23. 342,
10. 846, 22. 854, 7. 404, 10.

στέγη 88, 4. 96, 29. 172, 1.
23,8, 8. 24Ο,17,. 384,20111.Ίὸ.

στεγνός h‘aufig, z. B. 181 8,
16. 96, 9. 120,6. ’152, ⁷8.
216, 7. 270, 25. 296, 7. 306,
2. 82818.

στεγνόω 16, 4. 18, 8. 64, 10.
146,14. 15611. 172, 12. ’1,78,
8. 184,15. 190,14. 210, 6.

στέγω 62, 7. 78, 18. 102, 6.
294, 1.

στενός 82, 8. 26. 52, 82. 896,
14. 488, 6.

στερεός 70, 14. 27. 120, 5. 9.
170, 29.

στέρνα, τά 144, 11. 438, 1011.

στέφανος 350, 17. 392, 5.

στεφανόω 352, 12. 390, ,7.

στίχος 412, 20.

στοιχεῖον 2, 17. 28, 13. ,17.

στολοδρομέω 414, 7.

στόμα 8,18. 18,10. 20, 7. 26,
24. 30, 5. 36, 23. 40, 9. 212,
11. 320, 9 u, ὅ.

στόμιον 8, 26. 16, 6. 30, 5.
34, 5. 40, 8. 86, 6. 104, 11.
112,14 11.ὃ.

στρέφῃ) haufig, z. B. 50, 18.
94, 5. 186, 7. 214, 23. 298,
8. 300, 2. 326, 9. 372, 24.
374,13. 424,19.

στρόβιλος 226,1.

στρογγυλόγλὺφος 430, 22.
στρογγύλος 66, 19. 74, 3. 78,

6. 23. 132, 5. 222, 16. 350,
13. 392, 25, 27. 422, 18.
στρουθίον 318, 14. 320, 4.

