148

ἀπαρτίζω 340, 11. 13. 408, 11.

ἀπαρύομαι 106, 9.

ἅπας 26, 19. 21. 166, 16 u. ὃ.

ἀπαύστως 456, 13.

&nauco 358,1.12.374,5.386,24.

ἀπειλίσσω 346, 10. 428, 2.

ἄπειρος 22, 18. 22,

ἀπεργάζομαι 192, 12. 432, 4.

ἀπέχω haufig, z. B. 30, 26. 40,
10. 100, 5. 186, 17. 258, 4.
366, 9. 446, 5.

ἀπίθανος 410, 10.

ἁπλοῦς 412, 3. 416, 22.

ἁπλῶς 340, 21.

ἀπό h6ufig, z.B.12,2. 24,3. 186,
10. 368,2, ffir ὑπό 162,6. 388,

ἀποβλέπω 316, 4. 23. [11.

ἀπογράφω 422, 12.

ἀποδείκνυμι 14, 14. 24, 2. 11.
32, 7. 26. 412, 2.

ἀπόδειξις 26, 26. 28.

ἀποδέω 94, 9. 100, 8. 108, 5.
128, 14. 176, 8. 9. 178, 3.
180,5. 186,19. 200,6. 346,17.

ἀποδίδωμι. Ιιὲὶιιῇς, z. B. 2, 6.

- , 32, 3. 88,14. 158, 1. 166, 3.

. 200,6. 232,9. 366,14. 374, 3.
396, 9. 424, 22.

ἀποδοχή 338, 4.

ἀποικειόω 8, 1.

ἀποκαθίσταμαι 8, 6. 10. 278,

31. 280,1. 338,14. 388, 4.
ἀποκατέστησα 416, 25.
ἀπόκενος 272, 10.

ἀποκενόω 8, 1 Anm.

ἀποκλείω haufig, z. B. 72, 12.
, 76, 8. 80.1. 108, 8.·- 160, 6.

178, 4. 244, 2. 260, 28. 384,

21. 442,19. ²
ἀποκλίνω 134, 10.
ἀποκόπτω 344, 19.
ἀπόκροτος 342, 11.
ἀποκρύπτω 414, 8.

ΨόΒΤΕΒνΕΒΖΕΙοΗΝῙε.

ἀπολείπω 282, 12. 438, 5. 442, 3.

ἀπολήγω 14, 6.

ἀπόλυσις 348, 3.

ἀπολύω 68, 29. 388, 11.

ἀποπερατόω 92, 12.

ἀποπεράτωσις 72, 22.

ἀποπίπτω 10, 6. 112, 9. 39‘0, 1.
392, 14. 20.

ἀποπληρόω 140, 23.

&nonomine 364, 11. 16. 368, 7.
15. 17-18, 366, 6. 380, 12.
400, 14. 402, 1. 404, 2.

ἀποπορεύομαι 360, 3. 402, 27.

ἀπορθόω 204, 5. 342, 17.

ἀπορρέω 110,14. 112, 14. 208,
11. 286, 21. 506, 11, ἀπορ-
ρυηθείς 126, 21.

ἀπόρρυσις 142, 8. 13.

ἀποσβέννυμι 14, 22.

ἀποσπάω 228, 8. 276, 4. 436, 6.
442, 21. 446, 20.

ἀποστεγνόω 80, 13. 25. 118, 11.
228, 4. 244, 6.

’ἀποστέλλω 12,24. 28. 14,2 Anm.

ἀπόστημα 422, 10.

ἀποστρέφω 90, 1. 14. 96, 4. 14.
142, 3. 14. 306, 22. 330, 9.
362, 16.

ἀποσχάζω 408, 16. 19. 426, 3.

ἀποτεὶέω Ιιὲιιιῇς, z. B. 96,222.
100, 14. 190, 13. 202, 17.
222, 22. 316,16. 408, 22.

ἀποπέμψω 34, 31. 432, 16. 18.
434, 6.

ἀποφαίνω 22, 25.

ἀποφράσσω 146, 25 A. 160, 16 Α.
196, 10. 240, 24. 278, 27.
282, 22. 286, 17. 306, 4.

ἀποψύχω 12, 14. ’

ἅπτω 82, 7. 270, 21. 420, 9.
444, 1.

ἰ ἀπώτερον 12, 26. 288, 2.
ἀπολαμβάνω Ιιὲὶηῇς, z.B. 8,10 (b).

22, 21. 54, 9. 102, 2312, 4. ·

, 396, 13. 416, 23. 418, 2. 430,4.

&9365’2195 1610, 5. 250, 28.
, 11. .

“ ἀραιόω 252, 4.

