WGRTERVERZEIGHNIS.

 

Ἀγγείδιον 54, 5. 19. 88, 10.

&ryslo'v haufig, z. B. 4, 9. 6, 2.

ἀγκύλη 348, 4. 366, 6. 368, 4.
.382,6. 384,22. 392,18. 420, 9.
430, 3 u. 5.

ἀγκυλῖναι 420, 10.

ἀγκυλόω 426, 1.

ἀγκών 346, 1 Anm.

ἀγκωνίσκιον 200, 16.

&mansiones 198, 9. 13. 200, 9.

ἁγνίζω 148, 5.

ἁγνιστήριον 298, 9.

ἀγνοέω 32, 6. ·

ἄγω 2, 9. 32, 6. 160,19. 368, 3.
362, 13. 440, 23. 450, 1.

ἀδάμας 6, 15.

ἄδηλος 262, 31.

ἀδυνατέω 364, 27.

ᾄδω 96, 16.

ἀεί 12, 17. 90, 18. 174, 22.
306, 13 u. 5.

ἀερώδης 10, 19.

ἀετός 442, 2.

ἀήρ 11311118, z. B. 2, 16. 6, 7.
100,14. 222, 2. 224,13. 266,
12. 332, 5. 430, 25. 442, 4.

ἀθεώρητος 252, 13.

Ἀθηνᾶ 414,14. 440, 11. 446,17.

ἅθροισις 20, 26.

ἅθρους 4, 3. 6,12. 8, 22. 16, 21.
26, 23. 46, 4.

Αἴας 408, 6. 414, 20. 446,16.

αἰγιαλός 6, 26. [448, 2.

Αἰγύπτιος 148, 2.

αἱρέομαι 340, 22.

αἴρω 108, 9. 112, 21. 160, 10.
314, 4. 410, 19. 440, 11.

αἰσθάνομαι 6, 9.

αἴσθησις 4, 7. 16, 20.

αἰσθητικός 16, 19.

αἰσθητός 2, 7. 17,19 Anm. 26,28.

αἰτία 10, 8. 12, 11. 22,-21.
30, 21. 32, 2. 5. 19. 36, 22.
38, 7. 252, 17.

αἰτιώδης 32, 22.

ἀκινδυνότερος 342, 1. 410, 9.

ἀκινδύνως 354, 16. 404, 7.

ἀκίνητος 42, 24. 146, 2. 364, 11.
16. 374, 9.

ἀκλινής 4, 19. 342, 11. 356, 9.

ἄκμων 6, 17.

ἀκολουθέω 434, 17.

ἀκόλουθος 2, 12.

ἀκολούθως 376, 5.

ἀκοντίζω 270, 17.

’ ἀκούω 88, 20.

ἄκρατος 66,6. 70, 20. 290,12.20.
292, 7. 8.

ἀκριβῶς 66, 9. 78,19. 110, 23.
166, 27. 236, 24. 344, 1.
372, 13.

τὸ ἄκρον 60, 1. 88, 14. 100, 3.
142, 1. 178, 19. 228, 17.
270, 14. 442, 16 u. ὃ.

τὰ ἄκρα 134, 5. 156, 24.

214, 22. 246, 14.

ἀκτινωτός 300, 10.

ἀκτίς 26, 1. 7. 456, 10. -

ἀλήθεια 340, 18. 414, 1. 11.

Heronis op. vol. Ι. ed. Schmidt (Suppl.) 10

