wbRTERVERzmchS.

τείνω 100,10. 188, 11. 200, 8.
348,10. 358,1. 368, 24. 376,
25. 382, 5. 392,19. 396, 5.

402, 24. 448, 12 u. ὃ.
τεκταίνω 422, 3.
τεκτονεύω 426, 4. 6.

τεκτονικός 352, 1. 382, 11.

442, 21.
τελείως 20, 25. 444, 4.

τελευταῖος 220, 18.
τέλος 264, 6. 326, 6. 354, 3.

τέμνω 38, 15. 17. 322, 8. 362,

14. 364, 18.

τέσσαρες 2, 13. 17. 350, 2. 5.

352, 13.
τέταρτος 218, 24.

τετράγωνος 76, 18. 356, 12.
’ 392, 5. 422, 15. 17. 432, 6.

τετράστυλος 392, 2.

τεῦχος 16, 12. 20, 1. 64, 8. 70,
13. 74, 9. 96, 11. 178, 16.

216, 3. 224, 7. 270, 3 u. ὃ.

τηλικοῦτος 142, 2. 396, 26.

416, 2.
τηνικαῦτα 332, 5.

τίθημι 14, 16. 146, 2. 190, 13.

352, 5. 428, 7. 442, 4. 14.

mquam 78, 6. 104, 5. 312, 7.

11. 316,2..,.331846
τις 364, 26. 422, 4.
τὶς 6, 25. 186,10. 362,13.
τοίνυν 28,1.

τοιοῦτος4, 17. 20, 25. 43, 20 Anm.
70,12.136,14. 316,15. 340,1.

348, 25. 410, 11 u. ὂ.

τοῖχος 354, 23. 370, 1. 4. 6.11.

ἶέῗξιιζέριῗδο2ν4 186 ,323319Q 5.
τοξεύω 186, 8.
τόξον 188, 9. 190, 25.

τόπος ᾖῆηῇς, z. B. 4, 22. 12, 8.
26, 8. 106, 20. 178,19. 222,
21. 338, 12. 352, 6. 376, 10.

430,18.
τορνεύω 436, 3. 7.
τόρνος 94, 4. 18. 372, 26. 29.

177

τοσοῦτος 4,15. 30,18. 82, 2.
142, 7. 160, 2. 296,12. 376,
1. 402, 15. 434, 18 u. 6.

τότε 1151168, z. B. 36, 20. 76,
10. 106, 1. 200,18. 246, 7.
368, 24. 382,13.

τουτέστι 28, 20. 30, 3. 78, 2.
124, 3. 196, 20. 246, 2. 312,9.

τράχηλος 104,1. 152,9. 17. 164,
18. 256, 3. 278, 7. 11. 14.

τραχύς 344, 2.

τραχύτης 310, 3. 342, 14.

τρεῖς 2, 17. 18, 6. 182, 9. 246,10.
324, 1. 350, 2. 372, 11. 376,

τρέχω 414, 12. [26 u. δ.

τρῆμα 50, 3. 186, 19.

τρημάτιον 100,24. 194, 1. 506, 5.

τρίγλυφος 440,19.

τρτγωνοειδής 162, 19.

τρίγωνον 442,18.

τρίγωνος 266, 4.

τρίκωλος 198, 9.

τρίτος 78, 7. 218, 24. 326, 8.
366, 5. 412, 13.

Τρίτων 320, 8.

τρόπος 18, 11. 24, 17. 60, 5.
90, 9. 96, 8. 304, 11. 344, 7.
362, 4. 422, 4.

τρουλλίον 60,16.

τροχάζω 326, 5.

τροχιλίὸιον 130, 4.

τροχίλιον 130, 21.

τρόχιλος 94, 23. 128, 14. 178, 3.
188, 4. 356, 14. 388, 8. 436,
8 n. ὂ.

τρόχιον 94, 9. 322, 16. 326, 11.
370, 5. 9.

τροχός 148, 3. 298, 8. 300, 2.
342, 13. 362, 8. 378, 1 u. ὃ.

τρπΙόἰτανον 412, 25. S. Blfimner

τρυπάω 4, 23. 66,14.
100, 23. 146, 2. 368,14. 408,
15. 418, 1. 448, 17 u. ὃ.

τρύπημα 4,25. 36,19. 66,25. 148,
12. 192, 20. 368, 15. 422, 15u. ὃ.

70, 16.

Horonis op. v01.I. ed. Schmidt. (Suppl.) 12

