WORTERVERzmchs.

παραγίνομαι 156, 15. 316, 5.

326, 16. 434, 20.

παράγω 288, 6. 294,13. 14. 20.

296, 5. 402, 6. 7.
παραγωγή 434, 22.
παραδίδωμι 2, 8. 354, 11.
παραθεωρέω 410, 5.
παραιτέομαι 410, 1.
παρακαθέζομαι 350, 19.
παρακάθημαι 91, 12 Anm.

παράκειμαι 10, 7. 80, 4. 90, 2.
110,18. 120, 6. 162, 9. 204,

11. 264,12. 276, 3 u. 6.
παρακλείω (Ῡ) 326, 12.
παρακόλλημα 420, 15.
παρακολουθέω 6, 18.
παρακολυμβάω 414, 9.
παρακτός 380, 29.
παραλαμβάνω 338, 7.

παραλλάσσω 72, 26. 74, 15.
100,12. 160, 9. 196,10. 198,
8. 200, 1. 250, 27. 382, 6.

παὲρῗιῖληὸλεπίπεδον 120, 5. 10,
παραλληλεπίπεδος 170, 29.

παραλληλόγραμμον 354,19. 366,

1. 368, 1. 7.

παράλληλος 110, 21. 200, 2.

362, 11.
παραλλήλως 200, 21.
παραμένω 174, 9.
παραμετρέω 456, 14.
παράπαν 14, 1. 28,11.
παραπέμπω 14, 4.
παραπλάσσω 14, 12. 16, 9.

παραπλέκω 14, 12 Anm. 16, 1.

17, 9 Anm.

παραπλέω 414,7.430,26.434,28.

παραπλήσιος 96, 7. 24.

παράπλους 438, 1. 440, 4. 23.

παραπνέω 16, 14. 192, 13.
παρασημειόομαι 322, 2,

παρασπείρω 4, 4. 6, 13. 16, 23.

24. 22, 11. 28, 3.
παραστάδων 434, 11.

παραστάς 148,2. 9. 432,4. 434,8.

169

παρατίθημι 6, 8. 410, 5. 416,
18. 424, 19. 446, 4.

παραφέρω 282,16. 286,14. ’

παραχαλασμάτιον 42Ο,16.

πάρειμι 114,1 (ἐπὶ τοῦ παρόν-
τος).

παρεισάγω 146, 23.

παρείσδυσις 16, 25. 36, 16. 62,
7.106,10.116,3.184,21.
278, 6.13. 290, 4.

παρεισέρχομαι 4, 21. 6, 21. 28,
5.10. 36,13. 240,14. 292,12.

παρεισκρίνω 58, 7. 23.

παρεισπίπτω 258,14.

παρεισπλοκή 22, 7 Anm.

παρέκδυσις 16, 17 Anm.

παρεκτείνω 90, 6. 26. 176, 5.
344, 21. 22.

παρεμβαίνω 50, 5.

παρεμπλέκω 20, 11. 74, 22. 32.

παρεμπίπτω 64, 6. 21. 78, 3. 21.

παρεντείνω 344, 21.

παρεξέρχομαι 36, 19. 76, 6. 25.

παρεπιχέω 344, 6.

παρέπομαι 14, 2.

παρέρχομαι 36, 19 Anm.

παρέχω 22, 12 Anm. 396, 24.

παριδρύω 262, 4.

παρίημι 320, 3.

παρίστημι 80, 21. 186, 8. 352,
3. 414,15.

παρωθέω 198, 14. 22. 200, 7. 9.

πᾶς haufig, z. B. 4, 22. 6, 25.
12, 19. 34, 18. 25. 342, 2.

πασσαλίσκος 3,44 13.

πάσχω 22,12.
παύω ‘hbre auf’ (sic) 228, 24.
παύομαι 42,6. 82,3. ⁷. 182,

11 198, 4. 200, 18. 232, 5.
258,14. 268,17.
πάέἕξ, 86' 3292, ’27ξῖ 838, 3432' 12.
παχυμερής 6, 2.0 10, 21.
παχυς 10, 22. 28. 12,3. 12
14, 21. 90, 26.

