168

ὀρθῶς-50, 2. 15. 56, 9.
ὁρίζω 338,11. 352, 7. 364,19.
456,9.11.
ὁρμάω 166, 11.
ὁρμή 368, 22. 402, 8.
ὄρνεον 90, 12. 14. 15. 224, 19.
ὀρνιθάριον 96, 1. 216, 6.
ὀρνίθιον 96, 14. 19. 22. '
ὄρνις 90, 9. 92, 5. 11. 96, 6.
ὀρνύφιον 300, 3.
ὀρχέομαι 222, 2 Anm.
ὁσάκις 82, 4. 96, 23. 182, 13.
208, 6. 224,16. 256, 9. 260, 2.
270, 11. 280, 2. 368, 6. 380, 7.
ὅσος 26, 8. 58, 15. 124, 17.
- 152, 10. 208, 11. 264, 22.
282, 18. 342, 24. 398, 14.
430, 18 u. 5.
ὅσον ὕδατι διάρρυσιν 30, 27.
40,14. 88, 6. 136, 23. 164, 20.
- 166,2.168,6. 172,4.184,3-4.
186,17. 216, 8. 244,1. 246,16,
ὅσον ἀέρι διέξοδον 266,12.
ὅσον (= ὥστε) 111. Ι11Ὲ111’. 70,
31.172,20.216,22.272,17.
- 280, 28. 314, 26 (nur 'bei
Pseudo· Heron).
ὅσον ungefahr 18, 1. 6.
ὅσῳ - τοσούτῳ 46,11.
ἐν ὅσῳ 96, 16. 218, 7.
ἐφ’ ὅσον 8’2, 2. 6.
καθ’ ὅσον 4,1.4
ὁσοσδηποτοῦν 126,13.
ὅσπερ 26, 5. 38, 21. 326, 3.
ὅταν haufig, z. B. 8, 9. 14, 8.
100, 17. 196, 20. 280, 9.
344, 20.
ὅτε 36,19. 96, 5. 110, 3. 268, 7.
ὁτὲ μῖἕν - ὁτὲ δέ 50, 8. 27.
100, 18. 414, 9.
ὅτι hiiufig, z. B. 4, 21. 16, 21,
μόνον οτι 382, 17, πλὴν ὅτι
188,1.
ὅτι m. Superl. 396, 14.

W'6RTERVERZEICHNIS.

’ οὐδαμῶς 36, 13.

οὐδέ 6, 23. 24, 24. 344, 9.
οὐδεὶς 6, 6. 344, 18. 21.
οὐδέπω 314, 14.
οὐκέτι 16, 15. 25. 166,19. 246,-
8. 256, 4. 312,-15. ·
οὐκοῦν 32,13. 356,16. 384,16.
386, 23. 416,14.
οὐ μή 58, 5. 6'8, 15. 330, 8
οὖν 6,12.’12,11’.104,12’.254,-
10. 30,6 13 u. 6.
οὐρά 144,12.
ους 270,1.4 264,
280,1’6. 294, 2.
οὐσία 10, 12. 18. 12, 4. 6. 14, 8.
19-21’. 20, 23. ·
οὔτε- οὔτε 18, 18. 24, 9. 364, 25.
οὗτος 2,19. 178, 10. 354, 5. 11.
n358, 1. 3.
οὕτως 2,10. 16,10. 24, 2, 32,
7. 344, 18 u. 5. <
ὀφθαλμός 412, 5.
ὄφις 190, 22. 23.
ὀφιώδης 372, 20.
ὀχέομαι 24,12. 222, 2. 438, 12.
ὄψις 392, 6. 430, 22. *

21. 274, 19.

Παλαιός 2, 5. 342, 3.
παλαιστής 350, 2. 5. 6.
πάλιν4,25. 102, 21. 294,1611.ὂ.
Πάν 330, 6.
πανθηρίσκος 350,20. 352,12.
Πανίσκος 140, 8. 17. 142, 3'. 14.·
παντοὲπασιν 14, 18. 174, 7. 24.
πανταχόθεν 80, [212, 8.
παντελῶς 22, 20. 344,19. 410,15.·=
ἔξὲἶῖξθίῗ 1⁵83,21.520,21)0. 12037.
- 170, 23. 238, 5. 270, 25. 306,
2. 328, 18. 444, 4 u. 5.
πάνυ 22,14. 28,14. 52, 16. 32.
416, 4.
παρά m. Aecus, htaufig, z. B.
8, 5. 36, 6. 190, 3. 260,13.
292, 9. 344, 8. 404, 8. 410, 8.

