wbssTERVERzE'meS.

ἐπάνω 132, 3. 136, 2. 226, 21.
296, 16. 350, 11. 366, 8.
442, 19.

ἐπάνωθεν 324, 5.

ἔπαρσις 440, 24.

ἐπεγχέω 168, 17. 248, 18. 258,
12. 15. 290, 3.

ἐπεγχύνω 288,10.

ἐπεί 26, 1. 34, 25.

ἐπείγομαι 14, 24. 204, 17.

ἐπειδή 344, 22.

ἐπειδὴ γάρ 32, 20.

ἐπειδήπερ 30, 17. 32, 16. 38, 10.
46, 9. 120,13. 178,23. 278, 6,
ἐπείπερ 248, 1.

ἐπειλέω 94, 8. 178, 1. 300, 11.
348,18. 356, 3. 360,1. 372,6.
376, 19. 394, 4. 400,1 u. 6.

ἐπείλησις 348,17. 358,13. 360,
4. 368, 9. 372, 7. 12. 376,

ἔπειτα 252, 6. 408, 3.

ἐπέκτασις 344, 10. 18.

ἐπεκτείνω 344,15.

ἐπέξειμι 42,10.

έπέχ ω 24,2Ο. 38,16.

ἐπίχ m. Gen. oft, z. B. 6, 23.

146,14. 248,12.13. 268,19.

346, 20. 362, 4.

——111. Dab. 318,14.

— m. AccUS. oft', z. B. 10, 22.
46,18. 266,11. 344,17.
352, 7. 358, 9, ἐφ’ οσον
160, 3. 166, 11181, 276, 5.

ἐπιβαίνω 94, 7. 21. 326,13.
ἐπιβάλλω 224, 2. 314, 17. 348, 13.
ἐπιγραφή 288, 5

ἐπιγράψω 296, 2.

ἐπιδείκνυμι 2, 20.

ἐπίδειξις 174, 8. 354, 3. 410, 10.

ἐπὲἶεὲχομῖιαι,6, 16. 10,15. 18, 22.

ἐπιδίδωμι 424,16.

ἐπιζεύγνυμι 132,12. 362,10.
ἐπιζητέω 342, 8.
ἐπιθεμα 242, 6.

157

έπὲἑοὲθφέμαι 316, 3. 318,13. 24.

ἐπικαθιζω 358, 5. 366, 13. 17.

ἐπικαθίημι 316, 22.

ἐπικαίω 316,11'.

ἐπικαλύπτει) 380, 31. 412, 13.
430, 16. 434, 2. 440, 22.
442, 9. 450, 15. 452, 2 11.ὂ.

ἐπικαμπή 214, 22.

ἐπικαμπής 58,16. 60, 19. 228,
17. 230, 8. ·

ἐπικάμπτω 64, 7. 88, 10. 122,
6. 200, 4. 214, 8. 230, 12.
270,15. 312,11 u. 6

ἐπίκειμαι 11511ΐί8, z B. 24, 8.
82, 3. 184,1. 234, 8. 350, 8.
356,12, τινι 24,4.14Ο,16.
160, 3. 180, 4. 204, 14. 314, 6.
352,18. 396, 6, εἴς τι 368,14,
ἔν τινι 196, 4. 392, 2, ἐπίτινος
86, 1. 214, 24. 242, 12. 350, 22,
ἐπί τι 266, 11. 378, 3. 384,13.

ἐπικίνδυνος 354,12.

ἐπικλάω 312, 25.

ἐπικλίνω 282, 6. 388, 23.

ἐπικολλοὶω 72, 5. 17. 78, 11. 28.

ἐπικράτησις 364, 29. ·

ἐπιλαμβάνομαι 7'2, 11. 25. 190,6.
368,18.

ἐπιμήκης 252, 18. 392, 10.

ἐπινεύω 134, 14. 136, 2. 306,
12. 342, 15.

ἐπινήχομαι 108, 7. 110, 4. 124,
16. 21; 128,12. 164, 3.

ἐπινοέω 16, 3. 22, 9. 230, 18.
348, 24. 364, 23. 376, 3.
382, 16. 410, 22.

ἐπίουρος 394, 6. 416,22. 418, 2.
422, 16. 18. 19. 430, 4. 448,
18, ἐπισύρων 444, 4.

ἐπίπεδον 38,18. 364,16.19.

426,14.
ἐπιπίπτω 112, 10. 140, 4.
ἐπιπορεία 400,14. 21.
ἐπιπορεύομαι 402, 21.

