-WbffievaERzmcflms,

στροφεύς 176, 5. 8. 178, 2.
180, 6. 416, 9.. 13. 15. 18. 19.
418, 4. 438, 5.

προφή 142,18. 342, 24. 424, 24.

στροφωμάτιον 78, 9. 16.-26. 31.

πυλοβοὶτης ,392, 26. 394, -1,

συγκαταβαίνω 46, 10.

συγκατέρχομαι 50, 24. 29.

συγκενόω 110, 6.

σωφκωαόω 388, 9.

συγκολλοὶω 138, 7. 288, 20.

συλλαμβάνω 78, 8. 25.

συμβαίνω 1131163, z. B. 4, 8.
8, 3. 15. 18,12; 218,1. 220,
11*), besonders συμβήσεται
2, 12. 84, 12. 96, 29. 100, 9.
184,15. 186, 5. 222, 7. 230,
22. 300,19. 332,1 u. 6.

συμβάλλω 162, 21.

σύμμετρος 338, 10. 388, 15.
430, 3.

,συμμίγνυμι 314, 15.

συμπιλέω 8, 9. 78, 33.

συμπλέκω 2, 17. 164, 5.

συμπληρόω 210, 9. 236, 4.

συμπλοκή 2,-15. 28, 12.

συμφέρομαι 4, 6.

συμφυής 1181168, z. Β. 50, 4.
58,.-8. 94, 8. 132, 11. 142,1.
204, 7. 270, 28. 300, 8. 384,
24. 374, 1.

σύν 18, 5. 134, 3. 142, 28. 180,
11. 182, 5. 258, 5. 388,10.

συνάγω 72, 10. 24. 212, 13.

συναιρέω 38,-2 Amn. 338,.6.

συναίρω 38, 2 Anm.

συνακολουθέω 46, 3. 54, 14.·27.

συνανακίρνημι 14, 10.

συναναμίγνυ ι 304, 16.

συναναπληρ ω 22, 3. 412,ι10.

συναναφέρω 10, 22. 12, 13.

 

175

ovvoevbpflostoet 50, 23. 29.

wvoevza‘co 320, 12.

συνάπτω 10, 24. 34, 20. 38, 2.
208, 20. 214, 20.

συναραρώς 372, «25.

σύνδεσμος 310, 25.

συνδέω 100, 2.

συνεγγίζω 12, 23. 28. 40, 8.

συνειλέω 426, 11. 428, 5. 430,
18. 432, 18.

«mam 328, 22.

συνενόω 266, 18.

συνεπαίρω 190, 9.

συνεπακολουθέω 30, 6.

συνεπισπάω 32, 15. 40, 17. 42, 4.
146, 26. 278,11. 292, 8.

συνεπιστρέφω 352, 18. 374, 10.

συνερείδει) 6, 24. 18, 27.

συνέρχομαι 74, 21. 31.

συνέχεια 16, 16. 34, 26. 168, 14.
242, 3. 292, 13.

συνεχής 2, 14. 6, 19. 10, 23.
12,18. 14, 27. 20, 6. 32, 20.
34,17. 5818. 80,12. 208, 4.
288,15. 278, 10.

συνέχω 58, 14. 202, 3. 274,12.
310, 10. 326, 9. 358,11. 392,
13. 430, 12.

συνεχῶς 414, 12.

συνηρεμέω 34, 30.

σύνθετος 134, 20. -

συνιζάνω, 8, 4.

συνίζησις 22, 12.

συνίστημιε συνέστηκεν 28, 2,
συνεστηκώς 4, 12, συνεστώς
48, 28.

σύνταγμα 408, 8.

συντέμνω 324, 3.

συντιτράωε συντετρημένος 56,
19. 72, 8. 98,12. 122,.2. 170, ·
28. ,208, 12. 266, 9. 306,
10 u. δ.

²¹⁶) Es ist bpmerkengwert, dass statt des sonet fiblicl'mn
ἓῖθὶἱῗσίἶῑΐ {2¹² affliffessessff‘fffflnsgffffinff ²2⁸fith12212²12231¹¹131333ffi3323¹1

