HERON UND PSEUDO-HERON. 65

Zuletzt 6111761166 1611 66611 616186 8 und b gemeinsame
Verderbnisse, z. B. 2, 14. 4, 8. 1'6, 17 (posswnt 161 Β1116666
Konjektur). 22, 7. 24, 2. 7. 26, 12. 19. 36, 20. 21. 38, 2
(ἐν 611611 16 b). 46, 16. 98, 7. 106, 4. 10 (wo Θ 61611 Ε
zu 16666 161). 112, 7. 8. 124, 18. 134, 1. 138, 1. 140, 18.
170, 11-13, 178, 19. 182, 13. 196, 19. 31. 204, 15.
212, 10. 216,10. 222,16. 234, 10. 246, 1. 280, 14 (3 25).
290, 22. 300, 3—4. 304, 15. 312, 2. 17. 314, 14. 30.
322, 16. 326, 12. 330, 3.

Α116 allodem ergiebt sich, dass (116 Vorlage von b 6111
dem Archetypus von 8 16 1116166 616111 6661666611161166
Fehlern fibereinstimmte. Dennoch fehlt 66 616111 66 8161166,
wo ι1666 Vorlage besser war 616 8, so dass 8 66 616111
wenig 8161166 6116 b verbessert werden 11666, z. B. 4, 3.
6, 15. 8, 15. 24, 4. 30, 18. 21. 34, 5. 52, 9. 11 (11116116
16 8). 54, 8.- 58, 6. 60, 6. 11. 64, 1. 7. 78, 7. 80, 11.
84, 8. 11. 90, 6. 100, 18-19, 102, 3—4. 6. 16. 106, 6.
108, 2. 6. 110, 2οᾁ 112, 1. 114, 4. 7. 10. 15. 116, 14.
118, 3. 122, 4. 124, 11. 140, 3. 9-10, 156, 2. 158, 4.
178, 23. 210, 10. 216, 2-3, 218, 11. 232, 1. 240, 5.
250, 24. 256, 9. 270, 19-23, 278, 4. 286, 1. 3. 290, 10.
310, 1-2, 10. 314, 8. 17. 316, 7. 318, 9. 322, 1. 11. 12.
13. 15. 326, 3 (zweimal). 11. 21. 328, 3. 7. 8-9. 330, 4.1)
Darunter sind 166111616 8161166, 66 welchen Liicken in 8
durch b erganzt werden. Ob (11666 ο(161 jone Verbesserung
etwa dem Bearbeiter anzurechnen 161, 16161 61611 1116111 61·-
16111616, 161 61161 616111 6616631166.

Α6ᾱ16166116 16161 61611 611611 b aus 8 korrigieren, z. B.
32, 15—16. 46, 3. 56, 4. 15-16, 22-23, 102, 25. 122,
18. 21. 124, 24. 126, 6-7, 140, 16. 146, 20. 164, 11.
166, 21. 170, 14-16, 180, 15. 184, 16. 190, 20 (wo ὑπὲρ
τὴν βάσιν 116 Τ61116 von b 6116 8 hinzugesetzt 161). 216,15.
224, 13. 238, 24. 242, 21. 244, 7—10. 252, 21. 254,18.

 

1) Vgl. noch folgende minder wichssige Stellen: 18, 27. 22,
11. 28, 17. 86, 7. 88, 6. 118, 6. 288,13. 294, 3. 304,10. 13. 14.
306, 5. 16. 17. 25. 308, 2. 310, 4. 316,1. 17. 318,12. 326,12. 13.

Η 6 1 ο ni ι op. vol. Ι. ed. Schmidt. (Suppl.) 5

