162

καταμετρέω 420, 7.

κατανοέω 4,16.
καταπέλτης 3,44 24. 388,1’-.0

natantem) 168,17. 424,15.

κατὰ πρόσθεν 352, 8. 432, 4.
440, 26.

natam ’ζω 442, 18.

καταρρ πω 160, 11. 178, 4. 22.

καταρρέω 328, 9. 11.

καταρρήγνυμι 36,15.168,15..

καταρρίπτω 440, 8.

κατωμίζω 190,16.

κατασκευάζω h'aufig, z. Β. 16,

26. 66, 20. 100, 19. 216, 16.
xassffixsssizm 236, 2. 346, 20.

κατασκευασμάτων 56,15.
κατασκευή 56,13. 70,12.146,14.

,2Θ2,16. 354, 9. 404, 18 116.

natanaelem 6,13 Anm.

καταστόμιον 126, 7.
καταστρέφω 4, 17'. 8, 26. 68, 15.

96, 6. 160, 5. 210, 11. 216,

καῒαῖὲρῗιῲή 414, 21.

κατάστρωμα 350, 12. 22. 384,

καταστρὼννευμι 350, 10.
κατατάσσω 346, 1.
κατατείνω 448, 8.
‚catathema 16, 6. 96, 9. 26.
κατατορνεύω 130, 13.
κατατρέχω 408, 9.
καταφαικω 214, 2.

καταφέρω haufig, z. Β. 36, 9.

160, 7. 236, 22. 300, 21. 346,

1. 374, 4. 392, -22,
καταφρασσω 432', 3.
καταχρηστικῶς 28, 4.
καταχωρίζω 404, 8. 406, 7.
’καταψάω 344, -16,
κατεπείγω 134,17.
κατεργάζομαι 422, 9.

κατέρχομαι 50, 19. 20. 23. 96,

17. 204, 6. 326, 19.

wbssmssvsssszEmHN-IS.

κατέχω hiiufig, z. B. 56, -22,
170, 3. 222, 20. 262, 6,. 366,
9. 39217.

κάτω 1121168, z, B. 4, 19. 24, 1.
142, 10. 196, 5. -226, 18.
660, 6. 446, 10.

κάτωθεν 416, 10. 416,1. 420, 6.
432, 9. 434, 11 (nur in dem
Philon-ischen Absehni‘obe der
Auquaten).

κατωτατω 208,14.

κατάπτερος 30, ’16. 22 Anm.

κατοπέρω 30, 22.

καυλός 88, 5. 96, 9. 118, 8.
136, 21.’ 146, ’23. 216, 8.
224, 4. 266, 6. 270, 3 u. δ.

καῦσις 10, 15.

καχλάζω 226, 9.

κέγΐθθς 346, 21. 366, 20. 26.
696, 14. 402, 4.

κεῖμαι haufig, z. Β. 74, 12.
100, 24. 200, 3. 214, 9. 260,
27. 640,1-1.-364,»27.

κενός 11211113, z. B. 4, 1.16,17.
26, 11. 36, 10. 46, 4. 58, 7.
84, 21. -5296, 20. 392, 4. 432, 3.

κενόω ὴῆαίὶς, z. B. -8, 21. 32,
16. 58, 10. 106, 7. 138, 6.
170, 17’. 190, 17. 224, ’16.
398, 14.

κέντρον 34, 1. 38, 10. 1-1. 14.
17. 19. 324, 2. 362, 6. 364,

κένωμα 432, 5.

κένωσις 22, 7. 38, 4. 46, 10.
212, 7. 216, 7.

κεραία 326, 14.-19.

κεράννυμαι ’16, 1. 9. 120, 1.
124, 25.

κέρας’ 8, 8. 422, 8.

κεράτινος 186, 21. 20,0 4. 214,
4. 216,12.422,-8.1:'1.16.

ι’κεζωεωῶς 408, 6. 414, 20. 448, 2.
450,8.12.13. 452,·..4-57'.

κεφοςλή 194,1. 326, ’9. 360, 7.

κεφαλιον 350, 8.

