ΨόΒΤΕΒνΕΒΖΕῐοῌΝιε.

κηλωνεύω 108, 3 110,19. 134,
4.192,16.196,11.22. 204,
8. 232,11. 284, 12. 294, 3. 4.
302, 25-26.

κηρός 344, ,1242343, 1131. 41240, ἒξ.

κ’ἷῖῗρέοέ

κινέω haufig, z. B. 6, 6. 78,

15. 100, 6. 140, 5. 1’,98, 20.

346, 4. 364, 26. 412, 5.

κίνησις hfiufig, z. B. 12, 18.
24,19. 34ο,15. 346, 3. 348,

2. 412, 15.
κιόνιον 350, 4. 410, 11.

κιονίσκος 340,1. 386,14. 388,

250}ss 350, 9. 13. 352, 2. 13.

κλειὸίον 74, 4. 76, 7. 122, 14.
146,18.190,18.212,16.

266, 24. 268, 10. 274,10.

κλειθρίον 368,15. 19. 22. 388,
22. 390, 5. ’402, 5. 7. 22. 25.
κλείς 124, 16. 268, 7. 384, 21.

386,11.

κλείω 11311118, z. B. 76, 26. 122,
15. 174, 13. 182, 2. 298, 4.

340, 4. 410, 14. 414, 4.

κλεψύδρα 284,14. 286, 4. 8. 10.

288, 2. 456, 7.
κνωδακίζω 218, 8. 10.
κνωδάκιον 176, 7.

κνώδαξ 204,12. 214, 6. 228,
13. 230, 2. 344, 3. 354, 22.
364, 3. 372, 11. 3’78, 5. 398,

nagoga} 266, 22.
κοιλία 162,18. 246,12 Anm.

κοῖλος 11311113,Ζ. Β. 14,8. 48,
31. 150, 21. 158, 7. ’230, 1.
266, 3. 310, 5. 383, 15. 416, 7.

κοιλότης 326,1.

κοινός 38,16. 114, 7. 346, 4.
κοινωνέω 6,15. ’

κολάπτω 32613.

κόλλα 416, 23.

κόλλαβος 448, 12. 13.

163

κόλουρος 158, 8. 14. 186, 15.

κολυμβάω 22, 22. 24, 1.

κόραξ 392,17.18.19'.

κόρυμβος 224, 21.

κορυφή 84,1'4 Anm. 192, 7.
214,16. 224, 21. 300,15.
310, 20. 35Ο,15. 364,10.13.
15. 24. 28.

κόσκινον 57,18 Anm. 60, 26.

κόσμος 222, ’.13 · ·

κοσσυφίζω 322,5

κόσσυφος 316,1.6 320, 6.

κοτύλη 18,1. 70,13.’26. 282,

” 18. 294, 18. 296, 2. 3.

κουρῧν· 436 7. Vg1.Belop. 108,
9 e.

κουφίζω 178, 21. 186, 10.

κοῦφος 4,12 Anm. 8, 17. 26, 24.
36,10. 222, 6. 17. 342, 20.
346, 21. 368, 12, κουφότερος
112, 4. 236, 20, κουφότατος

κοχλίας 50, 2. 5. 8. 26. 52, 5.
372, 2 u. 6.

κρᾶμοῖ 66, 7. 70, 5. 100, 19.
120, 16. 260, 8. 288, 9. 290,
7 u ὃ.

κρατέω 14, 26 Anm. 426,18.
450, 10. ’452, 3.

κρατήρ 84, 26. 102, 20. 22. 104,
9. 232, 4. 7. ’

κρατηρίὸιον 306, 24. 310, 2.

κρατήριον 304,15.

κρείττων 412,17.

κρεμάννυμι '30,14. 128,17.
130, 7. 176, 9. 424, 10.

κρεμαστός 178, 6. 13. 20.

κρήνη 90,11.

κρίκος 136, 7. 284,13. 358,11.
362, 3. 388,

κρίνω 410, 23.

κρόταῖῖος 360, 8 394, 2.

κρουνσ κος 11’4, 7. 21. 122,13.
14.26.126,11.

κρουνισμοὶτιον 64,11. 27. 90,
18. 136, 16.

11*

