w5RTERvERzmcmz18.

εὐθλαστος 18, 1.

εὐθύγραμμος 372, 19.

εὐθύς 440, 15. 444, 1.

εὐκαυστος 352, 2.

εὐκίνητος 372, 15.

εὐκόπως 60,2. 134,18. 178, 24.
364, 16. 380, 10. 382, 10.
402, 6. 404, 7. 448,15.

εὐκύλιστος 344, 7.

εὐκυλίστως 380, 10.

εὐλόγως 398, 1.

εὔλυτος 162, 9. 204, 9. 392, 15.

εὐλύτως h'a‘mfig, z. Β. 50, 1.
162, 7. 204, 6. 300, 7. 372,
24. 388, 21. 426, 11.

εὐμεθόδως 408, 24.

εὐπρέπεια 170, 24.

εὑρίσκω 12,10. 28‚14. 344,21.
404, 13. 408, 8.

εὖρος 36, 5. 168, 16.

εὐρύτερος 32, 9. 26. 40, 10 (b).
48, 2. 84, 2. 4. 430, 7.

εὔστομος 98, 7 Anm.

εὐστροφος 432, 11.

εὐτονία 8, 7, 20, 20.

εὔτονος 200, 4.

εὐχερέστερον 372, 20.

εὐχερῶς 60, 21.

εὔχρηστος 28, 19. 60, 2. 21.

εὐώνυμος 434, 14.

ἐφάπτομαι 150, 20 328, 6.

ἐφαρμόζω 6, 25. 78, 1. 7. 10. 19.

εφέδρα 140,10. 310, 6. 8. 316,

ἐφεξῆς 466, 12. [19. 330, 2.

ἐφηλωτός 342, 18.

ἐφίστημι 22, 23, ἑφέστηκα 48,
11. 140,10. 226,13. 300,3 u. 6.

ἔχω 11311118, z. B. 36, 20. 116, 4.
136, 4, m.1nfin. 94, 26. 258,
13. 306, 8, ἐχόμενος 442, 4.

ἕως 432,18. 434,18. 448, 10,
m. Ind. 430, 3, ἕως οὗ 34, 2.
26. 294, 20. 298, 4. 422, 20,
ἕως ἄν 8,16. 30, 19. 62, 1. 18.

. 302, 6. 434, 2. 4. 18. 446, 22.
506, 9.

[432, 14.

159

Ι 221235278, 33. 274, 24. 506, 15.

ζυγός 30, 12.

ζωγραφέω 410, 13. 426, 12.

ζῳδάριον 304, 10. 306, 11. 19.
312, 9.10.13. 320, 8. 322, 1.

ζῴδιον ὴῆιιΐις, z. Β. 80, 5. 124,
16. 136, 23. 214, 2. 304,11.
340, 20. 406, 2.

ζῷον 136, 11. 140, 8. 144, 5.
146, 3. 322, 8. 330, 8. 332,
4 u. ὂ. -

Ἤ 2,17. 6, 6. 10,16. 27 u. ὃ,
ἤγουν 78, 19. 218, 23.
ἠθμίον 64, 11.
ἠθμοειὸής 60, 17. 114, 3. 152,
19. 156, 17.
ἠθμός 56, 18. 58, 2. 62, 4. 66,
14. 68, 8. 116,1.
ἡλίκος 360, 5. 7. 362, 8. 396,
26. 416,1. 430, 4. 432, 17.
438, 8.
ἥλιος 12, 7. 14,14. 26, 1. 224,
2. 456, 9 u. 6.
ἡμεῖς 4,13. 342, 6. 354, 10. 16 u. 6.
ἡμέρα 506, 8.
ἡμικοτύλη 296, 2.
ἡμικοτύλιον 282, 17.
ῥίμικύκλιον 364, 21. 24. 25.
μισυς 74, 14. 24. 120, 21. 124,
3. 164,14. 178, 7. 246, 7. 20.
248,10. 284,11. 316, 9.
ἡμισφαίριον 62, 3. 5. 10. 222,
5. 6. 14. 18. 21. 226, 14. 16.
228, 6.
ἡμιτόνιον 346, 1.
ἤν 160, 7.
‘Hennam 186, 8. 10.
ἠρέμα 238, 3.- 248, 14. 348, 1.
ἠρεμέω 32, 20. 34, 2. 23. 30.
36, 2. 4. 7. 38, 8. 12. 13. 22.
Ἥρων 466, 4. 606, 24.
ἤτοι — ἥ Βῆπῇς, z. B. 12, 8.
90, 5. 270, 26. 346, 14, ἤτοι
allein 256, 6.

