156

ἐναλλάξ 134, 5. 214,10. 230,
14. 360, 4. 368, 6. 26. 372, 7.

380, 7.

ἐναντίος 52, 28. 94, 8. 22. 178,
2. 358, 10. 14. 19. 360, 1.

418, 5.

ἐναπολαμβάνω 74, 17-18. 168,

18. 248,15. 258,10.
ἐναπολείπω 258, 26. 260, 19.
ἐνάπτω 446, 6.

ἐναρμόζω 190, 14. 224, 8. 230,
1. 326,15. 21. 328,1. 356, 8.

368, 29. 422, 16. 424, 5.
ἔναρτάω 434, 9.

ἐνδέω 188, 6.

ἔνδοθεν 106, 23.

ἔνδον 254, 24.

ἐνδύω 6, 18.

ἐνειλέω 370, 10. 11.

ἔνειμιε ἐνών 22, 14. 108, 5.
168, 14. 296, 18. 338, 12.

356, 15. 394, 9. 438, 21.

ἕνεκα 24,18. 64, 10. 26. 170,

24. 174, 8. 24. 202, 1.

ἐνέργεια 2, 7. 40, 3. 20. 56, 12.

340, 23. 342, 9.

ἐνεργέω 2, 18. 78, 11. 28. 84, 5.

252,17.
ἐνέσαι 254, 13. 22.
ἔνεσις 254, 16.
ἔνθα 24, 17.
ἔνθαπερ 10, 20.

ἔνιοι 84,7. 88,2. 100,17. 110,13.
178, 22. 212, 10. 242, 9. 302, 5.

ἐννεύω 312, 11.

ἐνταῦθα 60, 20. 146, 28.
ἐντείνω 186, 21. 350, 14.
ἐντεῦθεν 94, 31.

ἐντομή 288, 4. 6. 326,12.
ἐντορνεύω 394, 3.
ἔντορνος 344, 1. 432, 10.
ἕντόρνως 416, 20.

ἐντός h'aufig, z. Β. 6, 22. 16, 12,
48, 19. 30. 156, 11. 322, 16.
384,1, ἐντός m. Gen. 6, 3. 150,
1. 222,11. 324, 6. 384, 8 u. ὃ.

W6RTERVERZE10HNIS.

ἐντυγχάνω 410, 3.

ἐξάγω 196, 10. 326, 22.
ἑξάγωνον 326, 4.

ἐξαιρέω 62, 6. 11. 222, 19.
ἐξαίρω 58, 4. 21. 414, 14. 19.
ἐξαπλόω 408, 17.
ἐξαποστέλλω 14, 2. 4.

ἐξάπτω 214, 12., 264, 9. 344, 17-

⁰ 356,15 388, 24. 392, 9-

ἐξαρκέω 396, 21.

ἐξαρτάω 344, 20 Anm. 434,16.

ἐξαρτύω 344, 20.

ἔξαψις 382, '19.

ἐξελαύνω 64, 6. 76, 14. 31.

ἐξελικτρα300, 10. 356, 2. 358, 2.
362,1. 364, 4. 436, 3 440,
22. 442, 4 11. 6.

ἐξελίσσω 428, 1. 436,12.

§gazum 198,17. 200,13.19.

ἐξέλκω 20, 2'2. 132,1’0.

ἐξέρχομαι 4, 25. 228, 10. 26.
446,23.

ἔξεστι 58,13. 62,15 70, 3. 21.
102, 11’. 206, 2.

ἐξέχω’ 326, 14. ’.19

ἐξηγέομαι 448, 4.

ἑξῆς 11311ίί8, z. Β. 4,8. 156, 3-
342, 9. 390, 5. 420, ’.13 430, ’17.

ἐξικμάζω 14,13.

ἕξις 2,13.

ἔξοδος 80,19.114,11.

ἔξω 78, 33. 200, 7. 306, 23.
442,12 11. 6.

ἔξωθεν 22, 5. 76, 20. 26. 184,
17. 202, 8, 111. Gr'en. 400, 7. 15.

ἐξωθέω 12, '17. 202, 5. 216, 3.

ἐπαγγελία 338, 9.

ἐπαιρω 6, 2. 112, 8. 134, 9.
180, 11'. 190, ’8. 200, 17.
204, 20. 232, 18. 286, 4. 294,
7. 372,14 11. 6.

ἐπακολουθέω 20, 23. 28, 8.

ἐπάλληλα 78,1.19. 430,17.

ἐπάν 186, 9.

ἐπαναπαύομαι 424, 12.

ἐπαναστρέφω 228, 24.

