158

ἐπίπυρον 214, 5. 7. 15. 216, 14.
262, 8. 380, 26.

ἐπιπωμάζω 20,16. 102, 5. 184,

2. 192, 19. 254, 2. 392, 12. 16.

ἐπιπωμάννυμι 132, 6.

ἐπιπωματίζω 21, 15 Anm. (b).
ἐπιρρέω 68, 33. 70, 1. 108, 10.

128, 20. 148, 8. 170, 6. 266,

2. 22. 274, 23.
ἐπίρρυσις 142, 13. 15. 218, 9. 17.
ἐπίρρυτος 90, 11. 136, 10. 15.

140, 7. 142, 7. 144, 7. 218,1.

328,16. 506, 7.
ἐπισκευάζω 412, 22.
ἐπισκιάζω 224, 13.
ἐπισκοτέω 440, 20.
ἐπισπάω haufig, z. B. 8, 19.

16,13. 30, 5. 100,10. 146,12.

250, 2. 278,10. 386,13. 408, 4.
ἐπιστεγνόω 330, 11.
ἐπιστομόω 104, 16. 156, 13.
ἐπιστρεπτός (nicht ἐπίστρεπτος,

8, ἐπιστρεπτόςΑθεοΙι. Choeph.

340 ed. Ki„ 349 ed. We.)

134, 7. 148, 3. 392,17.
ἑπιστρέφω h'aufig, z. B. 50, 7,

72, 12. 94, 1. 160, 8. 204,

18. 328, 13. ’330, 7. 372, 4.

416, 14.
ἐπιστροφή 134, 16. 206, 4. 302,

3. 364, 28. 374,16. 376, 25.

388 2.
ἐπιστιίλιον 360, 8. 10. 430, 22.
ἐπίστυλον 440, 19.

ἐπιτάσσω 128, 2.
ἐπιτελέω 28, 13. 338, 8. 382, 7.

400, 9. 19. 402, 26.
ἐπιτίθημι 168,12. 160, 7. 180,
8. 268, 8. 294, 1. 316, 9.
432, 6. 442, 20 ιι. 6.
ἐπιτόνιον 146, 19. 250, 16. 25.
252, 3. 8. 21. 25. 254, 2. 8.
384, 22. 386, 2. 13.
ἐπιτρέπω 53, 9 Anm.

ἐπιτυγχάνω 354, 12.
ἐπιφαινω 340, 20.

wbssTEssvsssszmcHMS.

ἐπιφάνεια 1131168, z. Β. 6, 3-
18, 27. 24, 3. 78,18. 126,16.
204, 4. 272, 4. 350, 11. 364,
21. 382, 24.

ἐπίφραγμα 48, 1. 50, 2. 122, 2.
222, 4. 266, 10. 306, 10.
310, 9 u. ὃ.

ἐπιφράσσω 1131163, z. Β. 40, 11.
74, 2. 168, 7. 222, 3. 260,16.
278, 4. 310,10.

ἐπιφύρω 442, 3 Anm.

ἐπιφύω 442, 3.

ἐπιχειρ έω 32, 6. 24.

ἐπιχείρημα 16,18.
ἐπιχέω 68,15.100,18. 166,19.

248, 6. 264, 21. '270,12 u. 6.

ἐπιχρίω 442, 3 Anm.

ἐπιψαύω 6, 21.

ἐποχέομαι 222, 9.

ἐργαζομαι 94, 4. 18. 340, 17.
356, 1. 372, 26. 374, 1. 412,
24. '42,2 10.’ 432, 7. '434, 7.

ἐργωδέστερον 404,17.

§estam 346,11

ἔρχομαι 368, 6.

ἐς 412, 8.

ἔστ’ ἄν 256, 24.

ἕστηκα 170, '3.0 364, 2. 376, 21.

ἔσχατος 424, 25.

ἔσω 74,10.

ἔσωθεν 76, 7. 25.188,14.

ἕτερος h'aufig, z. B. 6, 6. 34, 8.
140, 16. 362, 13, &vs ρος -
ἕτερος 26, 17, ἔτερος καὶ ἕτε-
ρος 38, 16. 348, 22.

ἑτέρως 342, 8.

ἔτι 1191168, z. B. 10,22. 102, 9.
268, 6. 354, 17. 408, 5.

ευ 344, 14. 418, 2. 422, 8.

εὐαρ εστέω 408, 24.

εὐαρμόστως 392, 6.

εὖδιάθετος 280, 6.

εὐθεῖα 30, 1. 40, 8 (b). 126, 9.
230, 21. 318, 17. 354, 15.
374, 6. 376, 2 ιι. ὃ.

εὐθέως 36, 15. 26. 358, 19.

