wORTERVERzmoHNIS.

ἀναστομόω 16,5. 84,10. 104,14.
106, 10. 110, 16.

ἀναστρέφω 76, 8. 27. 212, 1.
348,23.

ἀναστρέφομαι 2, 11. 404, 6.

ἀνατείνω 112, 18. 152,16. 19Ο,1.
192, 7. 196,2. 226, 16. 266,13.
266, 9. 270, 27. 276,10. 384, 5.

ἀνατείνομαι 170, 26. 208,

14. 222, 4.

&varam 456,13. 15. 566, 7 13.

ἀνατρέπω 6, 2.

ἀναφέρω 12, 4. 232, 17. 238, 2.
264, 14. 17. 306, 18. 396,

ἀναφράσσω 146, 25. 160, 16.

ἀναχω έω 354, 2.

ἀνεκλε πτως 456, 13.

ἄνεμος 202, 16. 204, 16.

ἀνεμούριον 204, 16.

ἀνεμποδίστως 436, 19.

ἀνέρχομαι 50, 19. 20. 23. 264, 13.

ἄνεσις 8, 6.

ἄνευ 250, 2.

ἀνέχω 94, 26. 100, 5. 192, 22.
242, 16. 300, 20.

ἀνήκω 264, 1.

ἀνθίσταμαι 8, 15.

ἄνθραξ 10, 14. 304,12. 306, 4.
7. 12. 22. 312, 12.

ἀνίημι Ιιῖωῇς, z. Β.- 10, 1. 62, 2.
68, 32. 102,12. 116, 3. 154, 8,
ἀνέσωμεν 68, 10. 17. 154, 5,
ἀνῶμεν 114, 11. 210. 11.
212, 17. 262,1. 290, 5.

ἄνισος 158, 11. 218, 17.

ἀνοίγω Ιιῆιιῇς, z. Β. 56, 21.
84,22. 122,15. 182,3. 244.10.
268, 7. 340, 2. 368, 22. 414, 2.

ἄνοιξις 422, 2.

ἀνόμοιος 412, 15 (ἀνομοίαις).

ἀνορθόω 200, 11.

ἀντεισέρ ομαι 326, 7.

ἀντεισκρ νω 42, 8.

ἀντεπισπάω 252, 29.

ἀντερείδω 80, 1. 216, 3.

147

ἀντέχω 36, 20. 70, 27. 192, 22
Anm.

ἀντί 42, 10. 64, 6. 138, 12.
178,22. 186,1. 252,11. 296, 6.
432, 21.

ἀντικαθίστημι 106, 8. 254, 10.

&munerandam 20, 24. 70, 2.
106,16.

ἀντικρούω 8, 15.

ἀντικρύ 142, 20. 280, 26.

ἀντιμεταχωρέω 282, 13.

ἀντιπερίστασις 80, 17. 28. 166,

ἀντισηκόω 182, 2.

ἀντιφράσσω 430, 20.

ἄντρον 90, 11.

α”ντυξ 322, 16. 324, 4. 326, 6.

ἄνω haufig, z. Β. 10, 3. 30, 12.
96,13. 182, 18. 202, 5. 350, 3.
428, 5.

ἄνωθεν 24,15. 60, 9. 12. 142,
19. 184, 2, νεπὴῆΙί-,ηἰεῑηῆΐείς
0st in dem Philonischen
Teile der Automaten 414, 18.
416, 26. 420, 5. 430, 10.
432,11.12. 434,12. 448,9.13. ‘

ἀνωθέω 202,8, 13. 276, 6 (ἀνω-
σθέν). 278, 14.

ἀνώμαλος 46, 16. 18. 52, 13.

ἀνώτατος 14, 25.

ἀνωτάτω 10, 20. 14, 25 (b).

ἀνώτερος 36,- 12. 14.

ἀνωτέρω 36, 25. 262, 11.

ἄξιος 22, 23.

ἀξιόχρεως 22, 15.

ἀξιόω 2, 4. 338, 4.

ἀξόνιον 140, 17. 162, 10. 382, 2.
438, 9. 446, 5 u. 6.

ἀξονίσκος 300, 15.

ἄξων ὴῆυῇἕ, z. Β. 94, 3. 204, 8.
300, 6. 344, 4. 346, 1. 354, 21.
362,10. 370, 9.

ἀόρατος 444, 5.

ἀπαγκυλόω 438, 20.

ἀπαιτέω 340, 15.

ἅπαξ 396, 25. 398,12. 400,1.

10*

