wbssTERvERzEICHNIS.

προσφέρω 26, 24. 136, 12. 138,
10. 140, 2. 144, 5. 146, 9.

280, 2. 328, 7. 332, 5 u. ὃ.
προσφυής 296, 17. 424, 21.
προσχράομαι 344,10.
πρόσωπον 412, 4. 7.

πρότερον 1126118,2.Β. 18, 20.
236, 17. 352,

36, 12. 178, 2.
20 u. ὃ.

πρότερος 38,15. 256, 6. 258, 2.

384,20.

προτίθημι 20,19. 410, 22. 412,
-προϋποὶρχω 20, 9. 19. [16.

προφέρω 16, 26. 17, 26 Anm.
προφορά 316, 5. 11.
προχειρότερον 268, 20.

προχύτης 64, 14. 66, 9. 21. 23.

68, 2. 6. 12. 16. 19. 31.
προωθέω 164, 1. 8.
προωσμός 364, 29.

πρῶτον 4, 1. 172, 26. 272, 8.

- 342,11. 388, 25 u. 6.

πρῶτος 218, 23. 358,13. 380,

17. 420, 10. 506, 13.

πρώτως 294, 20 388,16. 506,10.

πτέρυξ 350,16.
πτύσσω 180, 6. 392, 7.
’πυελίς 354, 23.

πυθμήν 1131168,Ζ. B. 4, 23. 26,
2. 40, 6. 84,11. 132, 5. 246,

15. 368,14.
πυκνά Ad'v. 424, 25.
πυκνός 14, 16. 426, 9.
πυκνότης 6,19.
πυκνόω 20, 5.
πυκνῶς 424, 18.

- πυξίδιον 132, 4. 8. 192,19. 196,

14. 202, ·7.

mgis 110,17. 112, 2. 130,13.
134, 3. 192,10. 202, 7. 204,

3. 232, 14. 234, 1 u. ὃ.
πῦον 254, 5. 6.
πυοῦλκος 252, 16.

πῦρ 1151163, Z. B. 2, 16. 16, 11.
80, 4. 214, 2. 340, 20. 414,

15. 440, 23.Δ

173

πυργίον 350,14. 352,18.

πυρήν 384, 7. 386,18. 19.

πυρηνίδιον 432,10.

πυρκαϊά 312, 25.

πυρσός 414, 14. 16. 440, 10.
15. 17. 442, 6.

πυρώδης 10, 18. 12, 6.

πύρωσις 6, 16.

πῶμα 112, 2. 196, 7. 198, 7.
200, 7. 228, 16. 230, 4. 380,
31. 442, 8 n. ὃ.

πωμάζω 442, 20. 22. 444, 5.
πῶς 24, 16. 26, 1. 36, 8.

Ῥάβδος 330, 7.

ρᾳδίως 122,10.
ῤἀχις 146, 21.
ρεῦσις 42,18.

ρέω haufig, Ζ. Β. 30, 16. 42, 6.
84, 22. 86412. 90,18. 298, 2.
368, 20, ρεύσει 30,9. 102,
11. 124, 8. 150, 8. 164, 13.
234, 6. 276, 5. 290, 1. 304, 6.
386,11 11. 6., ρεύσεται 40,
18, ρυήσεται 36, 26. 70,· 3.
102, 10. 116, 4. 212, 4. 256,
4. 260 9. 286,11. 290, 3
u. ὂ., ρευσαι 112, 9. 386, 4,

ᾇεῦσαν 456,10.14, ρυέν
456,13.

ρητίνη 344,16. 420,15.
ῥἰπτέω 446,14. 450,12.

φύσις 42, 5. 46, 5 52', 3. 86, 17.
172, 9. 190,15. 22'0, 10 u. 6.

’ ῥὐτόν 100, 17. 102, 1. 234, 8.

236, 3. 288, 9 u. 6.

Σάλπιγξ 96, 7. 98, 4. 100, 13.
226,12. 228, 1. 320, 9 u. 6.

σαλπίζω 226, 12. 316, 16.
322, 3.

σαμβύκη 448, 10.

σανίδιον 350, 10. 392, 10. 432,
6. 448, 14

