154 wbss‘rssssvsssszmcums.

εἷπονι ἐρῶ 74, 6. 354, 20. 366,
11. 363, 26. 330,15. 412,16,

εἶ’ρημαι ὶιῆιιῇἕ, z. B. 10, 23.
32, 2. 132,3. 202,5. 342,16.
364, 6, ῥηθείς 196, 27.

εἰς h’aufig, z. B. 4, 13. 8, 4.
304, 11, εἰς fiir ἐν 68, 30.
274, 4. 370, 2, εἰς τό m. Inf.
52, 9. 146, 23.

εἰς 53653, z. B. 34, 2. 10. 134,
21. 140,13. 176, 8. 178, 2.

. 346, 5. 354,10. 362, 8.

ὁ εἶς- ὁ ἕτερος 84, 20. 24.

εἷς ἕκαστος 340, 14.
εἰσάγω 196, 8. 20.
εἰσὸύνω 6, 22 Anm.

εἴσειμι 306, 5.

εἰσέρχομαι ὶιῆιιίὶς, z. B. 4, 19.
62,21. 108, 21. 148, 4. 182,4.

288,17.

εισκρίνω 18,18. 42, 9. 62, 30.
- 70,19. 76, 3. 5. 21. 24. 286,

3. 314, 15.

εἷ’σκρισις 18, 21. 20, 13. 58, 7.

24. 74, 21. 31. 106, 8.

εἰσπίπτω 6, 8. 16, 15. 144, 4.

· 290, 1.
εἰστίιθημι2, 10.

εἰσχωρέω 106, 17.
sto-‹offla› 78, 13, 29. 80, 2.
εἰσώθησις 78, 30.

εἶτα 1136ῇὲ, z. B. 16, 5. 54,10.
96,11. 156, 3. 212, 3. 220,

25. 358,11. 430, 5.
εἴτε - εἴτε 136, 11.
εἴωθα 252, 31. 298, 9. 320,
ssufflufig, z. Β. 4, 6. 3, 3. 16, 8.
130, 7. 346, 15.

ἕκαστος Ιιῆιιΐις, z. Β. 64, 5. 152,

4. 156, 7. 220, 21. 348, 2.
392, 11.

ἑκάτερος Ιιῆιιῇς, z. B. 34, 4.
56, 5. 60,14. 114, 3. 264, 4.
374, 2.

 

ἑκάτεροςε παρ’ ἑκάτερα 316,19.

vgl. Hero Byz. XXXI 4.
ἑκατέρωθεν 442, 3.
ἐκβάλλω 160, 21. 364, 13.

ἐκδέω 100, 8. 130, 5. 368, 16.
392, 22. 398, 10. 402, 24.

420, 19. 424, 9. 446, 6.
ἐκὸύω 326, 17.

ἐκεῖνος 62, 13. 29. 288, 6 11.· 6.,

κατ’ ἐκεῖνο 12, 8. 62, 13.
ἐπυθεςμαίνω 306, 17.

ἐκθλιβω Ιιῆιιΐις, z. B. 36, 18,
74, 16. 30, 16. 98, 1. 124, 6.
134, 12. 202, 9. 243, 15. 27.

302, 2.
ἔκθλιψις 22, 16.

ἔκκειμαι 75, 12 Anm. 310, 5.
ἐκκενόω 6, 11 Anm.

ἐκκοπή 370, 3. 433, 5, 12. 13.18.

448, 6. 9. 15.
ἐκκόπτω 442, 13.

ἐκκρεμάννυμι 8, 18. 304, 7,
ἐκκρέμαμαι 94, 10. 178, 21.

284, 13. 300, 12. 304, 1.

ἐκκρίνω 6, 11 Anm. 42, 13.

178,18.

ἐκκρούω 6, 11. 20, 18. 22, 3.
58, 2. 19. 62, 3. 76, 15. 32.
190,12. 210,9. 212, 2. 232, 9.

ἐκμετρέω 506, 14.

ἐκμυζοὶω 8, 18. 25. 252, 2. 6.
ἐκπέμπω 254, 24.
ἐκπετάννυμι 350, 16.
ἐκπιέζω 134, 19 Anm.
ἐκπιεσμός 134, 14 Anm.

ἐκπίπτω 6, 9-10. 136, 6. 196, 1.
230, 24. 242,17. 343, 4. 353,

4. 382, 6. 388, 24.
ἕκπιτύζω 134, 19. 352, 10.
ἐκσῖιτυσμός 134, 14.
ἐκπληκτικός 2, 19.
ἔκπληκτος 338, 5. 342, 4.

ἐκποιεῖ 16, 17 . Vgl. Phil. Mech.

Synt. IV 67, 2.
ἔκπτωσις 414, 17.

ἐκπυτίζω 242, 10. 11. 20. 246, 1.

