wbssfflRVERzEmHNIS.

,δράκων 186, 8. 11. 23. 262, 5. 9.

δρόσος 12, 4. 11.

δύναμαι haufig, z. B. 18, 19.
68,8. 118,19. 130, 2. 144,7.
282,2. 300,7. 366,10. 408,11.

δύναμις 2, 6. 12, 24. 24, 24.
364, 20. 22. 26

ovvoevdghaufig, ·.z Β.22, 1. 38,12.
50, 26. 52,16. 252, 1. 340,
22. 372,1.7 398, 3, εἰς τὸ
δυνατόν 410,17.

δύο 84, 19. 306, 1. 326, 3.
372, 1 11. ὃ.

δυσέργεια 420, 18.

δυσθεώρητος 146, 4.

δυσκίνητος 342, 23.

δυσχερῶς 378, 2.

δώδεκα 412, 20.

Ἐάν statt ἄν 16, 13. 58, 15.
64, 2. 102, 18. 21. 106, 13.
116, 10. 118, 16. 24. 120, 1.
126, 20. 136, 3. 152, 4. 6.
156, 3. 19. 208, 6. 242, 10.

. 270,12. 282,18. 368, 6.
380, 7. 8. 392, 6.

ἐὰν γάρ 400, 9.

ἐάνπερ 84,15

ἑαυτοῖς = ἡμῖν αὐτοῖς 36, 23.

ἔάω 4, 21. 36, 19. 54, 16. 29.
168,19.190,16.344,14.17.

ἐγγεννάω 306, 9. 13.

ἐγγίζω 434, 4.

ἔγγιστα 84,16.

ἐγγλύφω 48,19. 30.

ἐγγράφω 326, 4.

ἐγγυς 210, 26. 288, 1. 382, 24.

ἐγείρω 446,19. 448,14.

ἐγκαρσίαις 214,19.

ἐγκαταμίγνυμι 264,12.

ἔγκειμαι 198, 5.

ἐγκλίνω 36, 4. 74, 14. 25. 112, 7.

ἔγκλισις 56, 9.

ἐγκοιμίζω 394, 4.

ἐγκολάπτω 326,1.

ἐγκολλῶ 422, 17. 424, 6.

153

ἐγκρουω 416, 23.

ἐγκρύπτω 392, 7.

ἐγκύκλιος 342, 24.

ἐγκυκλίως 378, 4

ἐγχέω 1131163, z B. 4, 14. 66, 2.
80,12.102,2.128,5.154,2.
212,15. 384,17, ἐχγυθείςη. ἢ.
70, 9. 88, 2. 120, 24. 122, 1.
170, 4. 236, 2. 246, 5. 248, 3.
274, 21. 278, 6. 10. 284, 2. 16,
ἐγχεθείς 174,19.

ἐγχυνω 88,11.98,1.118,17.
236, 5. 246, 6. 248, 8. 270,
21. 306, 20. 308, 1 u. 6.

ἔγχυσις 80,13.118,11.172,12.
210,6. 244,5. 272,511. 6.

ἐγχωρέω 28, 7 Α11111.

ἔδαφος haufig, z. B. 26,13.
342, 16. 346, 11. 358, 3. 378,
13. 416, 5. 430, 6. 434, 19.

ἕδρα 122, 9. 23. 310, 5. 8. 316, 18.
ἐθέλω 20, 7.

ἐθίζω 88, 7. 190, 2. 250, 3.
ἔθος 252, 7. 456, 7.
εἰ δὲ οὔ 34, 24.

εἰ μὴ ἄρα 6, 14. 160, 3. 212, 5.
344, 23.

εἰ μὴ παρά 14,17.

εἰδέναι 400, 4.

εἴδομαι 88,1.5

εἶδος 338, '17.

εἱλέω 186, 8. 428, 6, τὸ εἰλη -
μένον 430, 8. 19. 434, 8.

samm 428, 8 430,12

εἰμί 1131163, z. Β. 28,1.14.
354,14. 15, Fut. 102, 22.
178, 4. 346, 2. 362,15. 402,
12, ἔστω ‘man ne'hme an'
120,17. 300,1, ἔστω m. Part.
140, 3, τοῖς οὖσι 6,12, ἐσό-
μενος 22, 9. 354, 8. 420, 12,
ἐστί fehlt 306,

εἴπερ 20, 5.
εἷπον 6, ’.15 28, 1 92, 8. 172

26, ὡς εἰπεῖν 338, 6.

