166

μήκέτι 14,1.100,11.242,17.
300, 4. 364, 26 11. δ. ·
μῆκος 32, 9. 90, 7. 342, 18.

376, 7. 396, 22. 416, 9 432,

17.448, 18.

μῆλον 186, 9. 19. 188, 8. 13.

’190, 9. 14.

μὴ ήν 2⁷0 6. 26, 20. 354, 18 398,

3 (καί, ἄλλά, οὔ μην).

μήρυμοε 348, 12. 360, 6. 376, 4. 8.

μηρυμάτων 358, 20.
μήρυσμοι 374,12.

μήτε-μήτε 6,16. 144, 7. 342,

13 u, 6.
μηχανάομαι 396, 22.

μηχανή 404,17. 406,1. 410,19.

414, 18. 440, 24. 442, 5.

μηχανική, ἡ 338, 7.
μηχανικός 2, 5. 456, 4.
μίγνυμι 68,15.272,12.

μικρομερής 4,12.

μικρός h'aufig, z. Β. 4, 4. 52,
16. 168, 4. 274, 20. 306, 20.

436, 15. 450, 15.

κατὰ μικρόν 414, 11. 424,

23.

μιλιάριον 304, 10. 13. 14. 306,

6.1ὀ. 25. 310, 4. 314, 9.

μολιβδινος 158, 23. 424, 10.
μᾴλιβδὸς 158, 4.
μὸλιβίὸιον (ἲ) 450,1.

μολιβοῦς 108, 6. 158, 10. 178, 3.
346, 4. 356,15. 388,2Ο. 392,

22. 408,15.

μολύβδινος 108, 16.
μολύνῳ 450, 4.
μονή 24, 19. 368, 8.

μόνον 6, 21. 19, 6. 84,17 118,
19. 22'6, 8. 260, '19. 382, 17.

412,11.

μόνος 6, 15. 90, 2. 23. 292, 9.
μόριον 4, 4. 6,13. 27. 8,2. 14,

18. 26, 9. 12. 28, 3.
μοχθηρός 134, 17.

—— ιιοχλίον 400, 6.

νύὸἡΤΕΒνέΕΞΕΙΟΗΝΙΒ.

fia-‚809 338, 14. 340, 3. 404,14.
412, 8 115

μυκτήρ 22, 20.
μύξα 274,1.

Ναΐόκος 174,11.180,1. 350,
12. 352, 2. 384, 8. 392, 25.
442, 2. 448, 12 u, ὃ.

ναός 98, 4. 338, 10.

νᾶπυ 346, 21. 368,13.

νάρκη 26, 22.

ναυαγία 446,15.

Ναύπλιος 404, 15 408, 23. 412,
18. 414, 14. 440, 9.

νοεῢς 412, 22. 414, 3. 7. 12. 17
(νεῶν). 426, 7. 12. 430, 26.
440, 13. 446, ’15 (νηῶν).

νεύροέ 186, 21. 190, 5. 200, 6. 8.

νεύρινος 344, 21. [10.
oglon 414,18. 446, 16.
Nam 350,16. 352,18. 386,17.
388,1.13.

νοέω 34, 31. 198, 5. 248,
360, 7. 392, 1. 398, 4.

νομίζω 2, 8. 12. 26, 27. 380, 13.

νόμισμα 110, 13. 112, 9.

νῦν 328, 12. 368, 26' 382, 18.

νυνί 14, 5. 26, 8.

νυχθήμερον 456,12.

νῶτον 22,19. 23.

Ξένως 404, 8. Vgl. noch Papp.
VH, 8673, 6.

ξέσμα

ξηρός 818.264,11 342, 20.
346, 23. 352, 1. 408,17.21.
442, 21.

ξύλινος* 410, 12. 444, 3.

ξύλον 342, 21.

ξύσμα 362,1. 38212. 442, 20.

444,1.2'.

ὀβεωίσκος 158, 3. 426, 17. 428, 2.

ὄγδοος 350, 9.

