wbRTERVEsszEICHNIS.

καθήκω 446, 3. 450, 11.

καθηλόω 442, 10.

κάθημαι 312, 14.

καθίζω 108, 9. 110, 7.

καθίημι ὴῆιιίὶς, z. B. 18, 2.
74, 6. 118, 7. 134, 6. 214, 5.
216, 21. 326, 10. 372,15.

καθίστημι 246, 2. 344, 12.
καθεστάναι 356, 9.

καθολκή 412, 23.

καθόλου 4, 2. 16, 16. 18, 26.

90,11. 164,14. 282, 18.
καθώς 408, 9 Anm. 426, 8.
καινότερος 348, 20. 404, 11.

καιρός 22, 2. 96, 5. 140, 1.
, 386,1. 392, 24. 408,16. 446, 4.
καίτοι 10, 2. 30, 11. 70, 11.

278, 5.

καίω 10, 26 Anm. 264, 16.
272,10. 304,12. 306, 7. 18.
442, 14. 17. 444, 2.

κακοπαθής 354, 12.

κάλαθος 266, 7. 11. 14. 268, 4.
5. 13. 270, 9.

καλέω h'aufig, z. B. 40, 2. 84,

25. 192, 5.
342, 2.

224, 2. 338, 16.

mmmm 350, 10. 420, 15. 428,

3. 43ο,13. 452, 6.

καλῶς 410, 4. 422, 18. 426, 18.
428, 6.

καμμύω 412, 5.

καμπή 200,11. 214, 10. 230,15.
248,10.22.

, κάμπτω 200, 12. 318, 10. 320, 2.

372,17. 376, 20.

καμπύλος 1131168, z. B. 28, 18.

, 30,2. 40, 3. 118, 4. 218, 7.
264, 4.

κᾶν 4, 20. 260, 8. 342, 21.

κανόνιον 48, 13. 108, 3. 370, 2.
372, 1 u. 6.

κανών 50, 4. 16. 20. 21. 296, 1.
342,18.

καπνός 10, 18. 306, 18.

κασσίτερος 18, 8.

161

κατά m. Gen. 42, 8. 146, 21-
264, 7. 350, 9. 354,18. 358, 3.
362, 5. 364, 7. 8.

—- m. Accua. hi‘iufig, z. B-
4, 3. 42, 6. 152, 6. 186, 23.
, 342, 6. 352, 2. 360, 8. 448, 6.

καταβαίνω 56, 1. 9. 126, 13.
164, 7. 326,13. 346,19. 370,
3. 416, 9. 13.

καταβαρέω 96, 4. 112, 7. 158,
13. 178,13.

καταβιβάζω 108, 20. 366, 12-
368, 3. 370, 6.

καταγραφή 60, 20. 64, 23.
καῗῗιῗνξωῗφῗα 446, 15.

καταγω 200, 16. 202, 6. 14.
234,1. 16. 286, 13. 294, 7.
304, 5. 326, 15. 20, κατάξωμεν
198, 12. 286, 3, καταγάγωμεν
198, 20. 286, 18, κατάξαντες
200, 8.

καταδέω 432, 8.

καταδύνω 342, 13.

καταδύω 24, 10. 13. 414, 10-
438,2.17.

κατακάμπτω 192, 9.

κατακλείω 188, 10. 294, 9.

κατακλίνω 408, 2. 5. 446, 25

κατακολουθέω 354, 13.

κατακολυμβάω 22, 17. 24.

κατακρατέω 14,26. 16, 8. 30, 18.
118, 20. 162, 3. 180, 7. 18-
346, 14. 364, 20. 22. 26,

καταλαμβάνω 8, 25. 24, 21.
34, 5. 60, 3. 62, 5. 154, 1.
210, 4. 254,14. 438, 7 u. 6.

καταλείπω 248,4. 274,3. 392,23.

καταλήγω 376, 10. 13.

κατάλληλος 72,13. 76, 10. 150,
6. 196, 9. 250, 8. 318, 18-
332, 1 u. 6.

καταλλήλως 73, 26 Anm. 75,
26 Anm.

'H 6 r 0 ni s op. vol. Ι. ed. Schmidt. (Suppl.) 11

