152

-μδια ένω 42, 24. 344, 11.

διαμ ετρ έω 214,19.
διάμετρος 78, 7. 280, 6. 362, 8.
κατὰ διάμετρον 18, 4. 66,
16. 70, 18. 214, 9. 230, 2. 9.
362, 16 386, 6.

διαμ ηρύω 372, 8. 380, 8. 396, 3.

διανοίγ ω 318, 2.

διάπηγμα 378, 7.11.
διαπίπτοι 26,12 Anm.

διαρρήγνυμι 18, 21. 264,10.
διαρρινέω 430, 7.

διάρρυσις 18, 5. 30, 27. 40,14.
70, 31. 72,1. 84,17. 136, 23.

266,14.
διασα φηνίζω 28,12.

διασκευάζω 86,5. 118,6. 126, 2.
166, 3. 246, 14. 280, 5. 304,

11. 34,0 3. 352, 3. 412, 8.
διαστατός 364, 25.

διαστέλλει) 26, 3'. 6. 234, 3. 296, 7.
6, 25. 18, 25. 324, 2.
326, 18. 360, 5. 372, 9. 396,

διάστημα

13. 400, 8. 420, 9. 430, 4.
διαστολή 20, 20.
διαστρέφ ω 202, 13. 432, 9.
διασχίζει) 132,16.
διατείνω 4, 3. 344, 14.
διατέμ vm 324, 5.

διατίθημι 342, 8. 17.
διατιτράω 312, 2.

διατρέχω 50, 1.14.

διαύγιον haufig, z. Β. 68, 5.
102, 1. 166, 5. 210, 4. 212, 1.
236, 2. 258, 6. 288, 15. 290, 2.

διαφ αίνω 438, 6. 442, 13,

διαφανής 214, 3. 216, 11. 222, 11.

διαφέρω 24,19. 60,1.20.

διαφθείρω 10,17.
διαφ ορ οὶ 212, 7.

διάφορος 90,5. 10. 25. 102,12.

412,11.

διάφραγμα Ιιὲῆιῇς, z B. 60, 8.
· 64, 4. 100, 21. 104, ,114164οὲΞ.

διαφ ράσσω 102, 24.
222,19. 226,1. 256,11.

ΨὸΒΤΕΒνΕΒΖΕΙοΗΝΙΒ.

διαφυλάσσοι 4,19. 10 15.

διαφυσάω 212,10.

διδασκαλία 404,12.

διδασκω 456, 5.

δίδωμι 66,16. 292,16. 364, 18.
376, 12. 420, 21.

διεκπιπτω 16, 11. 18, 12. 24,
23. 26,2.6.12.21.

διέξοδος 68, 10. 2⁶. 72, 14. 27.
154, 4. 234, 3. 266, 12.

διέρχομαι 50, 3, 11. 17. 158, 10.
162,19. 314,12. 326, 4.

διηγέομαι 448,1.

διήκω 284, 8. 314, 8. 316, 10.
318, 9. 12. 23. 320, 4. 322,
10. ὃξὲ, 3. 442, 15, διηκέσθω

διΐημι 216, 7.

&tamnu 8, 12. 242, 3.

δικαιόμετρος 208, 5.

δι66,4. 8,.3 28,3. 236,14.
354, 6. 364, 26. 398,1. 410,1.

διόλου 36, 5. 312, 10. 316, 2. 7.

Διόνυσος 350,18. 352, 3. 382,
23. 388, l. 392, 26 11. 6.

διόπερ 6, 22.

διόρθωσις 410, 6.

διότι 22, 24. 25 32,

διπλάσιος 120, 3. 11. 314. 17.

διπλοῦς 380,1'. 5. 416, 21.

ὃις 396, 3.

δίσκος 456,11.

διτορμια 202,11.

διφθέρα 408,17. 20.

ὃί α 362,14. 364, 19.

δχηλος 1'32, 16 1'36, 1

δι οτομια 362, 9.

ἃ ψα 136,13.

διωθέω 11ἒέι11ἑίἕ,Ζ.Β. 20,1
40, 6. 66,19. 70, 17. 162, 7-
212,11. 256,15. 430,9.11,
{255⁶ss 422,19, διωθήσεται

&amicas 78,14.

δοκέω 4, 9. 64, 12. 80, 4. 146, 28.
254,1⁷6. 408, 9. 412,16 11,ὂ

