160

ῇχέω 220, 25.

ηχος h‘aufig, z. B. 88, 13. 96, 7.
98, 2. 190, 13. 202,16. 220, 6.
320, 6. 352, 15. 408, 7.

Θάλασσα 22,18. 414, 6. 9. 11.
430, 25. 434, 19. 450, 17.

θαλάσσιος 26, 22.

θαλασσοειδής 452, 1.

θαυμάσιος 28, 15.

θαυμασμός 2, 20.

θαυματουργός 342, 3.

θέατρον 408, 18.

θειώδης 12, 8.

θερμαίνω 12, 7. 9. 178, 9. 180,

8. 216, 14. 224, 10. 230, 23.
θερμασία 84, 1. 3.

θερμός Ιιῆηίὶς, z. B. 12, 10. 58,

13. 60, 6. 304,16. 314,11.
θεὲἰῗςέσῗς 14,13. 24, 24. 178, 24.
θέσις 276, 20. 362,15. 364, 1.
θεωρέω 416, 12.

θεώρημα 28, 13.
θεωρία 338, 5. 342, 4.

θῆλυς 50, 17. 54, 4. 11. 18. 24.

318, 1. 326, 3. 328, 4.
θησαυρός 110, 15. 16. 298, 8.
300, 6. 16.
θλίβω 8, 5. 22,23. 24,1. 38, 2.

76, 8. 226, 5. 254, 15. 264,

14. 268, 13. 270, 9 u. ὃ.
θυμιάω 80, 4. 178, 9.

θύρα h'3'1‚ufig, z. B. 98, 4. 174,
12. 178, 4. 180, 7. 340, 2.

412, 12. 416, 9.
θυρίς 442, 14.
θυρσίον 226, 5. 18.

θύρσος 224,18. 276, 3. 280, 5.

350, 19. 352, 9. 382, 20.
384, 6. 20.

θυσία 174,11. 178, 27. 182, 3.
214,12. 382, 20.

θωράκιον 392, 1. 3. 9. 12. 394,

8. 416, 7. 12. 438, 4. 7. 18.
440, 3. 446, 21. 448,11.

[388, 5.

WORTERVERZEICHMS.

Ἰατρικός 8, 23. 26, 25.

ἰδίᾳ 112,14. 270, 27. 338,12.

ἴδιος 14, 25. 36, 9. 76, 12. 29.
152, 5. 236, 22. 326, 15.

ἰδίως 432, 4.

ἰδιωτικῶς 48, 31.

ἱερός 148, 2. 300, 1.

ἱκανός 10, 6. 26, 27. 100, 6.
158, 20. 366, 9. 404, 6. 414, 2.

cmg 14, 19.

ἵνα 1121168, Ζ. Β. 122, 9. 280, 6.
342, 13. 392, 9.

ἰσημερινός 506, 8.

ἰσοβαρής 22, 24. 24, 4. 12.

ἰσοπαχής 372, 26.

ἰσόπλευρος 432, 7.

ῑσσπληθής 156, 4. 20.

ἰσορροπέω 364, 2.

ἰσορρόπησις 30, 13.

ἰσόρροπος 364, 17.

ἴσος Ιιέηιὸς, z. B. 36, 5. 118,
17. 200, 2. 324, 2. 364, 9.
426, 9.

ἐξ ἴσου 36,8. 146,8. 380,2.

ἰσοσκελής 364, 14.

ἰσοταχής 12, 19. 14, 4.

ἰσοταχῶς 348, 6.

ἴστημι 42, 4. 58, 29. 216, 11.
300, 3. 318,19. 338,11. 352,
8. 368, 3. 382, 12. 402, 18.
448, 16. S. auch ἕστηκα.

ἰσχάριον 446, 20. 24.

ἰσχυρός 192, 14.

ἴσχω 450, 1.

ἴσως 408, 9. 13.

ἴτυς 310, 911. 392,28. 396,1. 6.

Καθά 412, 15.

καθάπερ ὴῆηίὶς, z. B. 6, 4. 114,
3. 232, 2. 340, 18. 442, 7.

καθάπτω 448,.12.

καθαρμόζω 416, 6. 8.

καθαρός 6, 3. 66, 4. 70, 2. 100,
18. 262, 2. 290, 3 u. 6.

καθέλκω 94, 31. 414,4. 426, 7. 12.

1 καθεξῆς 220, 21.

