“ 164

κρουνός 64, 12. 84, 21. 108, 1.
110, 18. 146, 18. 182, 8.
232, 4. 256, 2 u. ὃ.

,κρούω 388, 25. 394, 5. 424, 25.

“κρυπτικῶς 138, 3 Anm.
’κρυπτός 148, 9.

’κρύπτω 4, 20. 58, 1. 59, 1 Anm. -

246, 11. 434, 8. 444, 3.
’κρυπτῶς 138, 3.
κτύπος 388, 17.
κύαθος 256, 4-6, 260, 3.
,κυκλικῶς 214,14.
κύκλος 158, 8. 214, 24. 324,1.

³364,.9400,.5436,.7u6.

κυλινδρικός120, 9. 170, 24. 238, 6.

κυλινδροειδής 310, 19.

κύλινδρος 310, 5. 322,11. 326,

17. 328, 1.

κυλίω 342,19. 358, 3. 364, 8.

' 14. 20.

κῦμα 450, 18.

’κυμάτων 350, 3. 11.
κυμβάλων 388, 24. 390,1.
’κύμβαλον 352,15. 354,1.388,17.
κυρτός 150, 21. 22. 310, 24.
κυρτότης 86, 5. 9. 11. 15. 118, 4.
· 166, 4. 24619. 248, 1.

κύτος 66, 13. 102, 1. 166, 7.
168, 9. 210, 3. 258, 7. 282,

13. 292, 3 u. 6.
κώδων 96,12. 28.

5. 320,11. 12.
κῶλον 146,11. 198,10.

“ κωλυμάτιον 100, 3. 4. 12. 132,

9. 136, 5. 242,17.
κωλύω 330, 9.
κωνάρων 188, 7. 190, 9. 14.
” κωνοειδής 350, 14.

κῶνος158, 8. 14. 364, 8. 10. 12. 14.

Λάγυνος 280, 9. 11. 15. 282, 3. 6.
“ λαμβάνω haufig, Ζ. Β 8,17.”
22., 14. 60,15. 120,1. 294,
19. 344,11’. 348,17.’ 456,15.

506,16.

9. 354,18. 362, 4.

100, 15. 228,

W6RTERVERZEICHNIS.

λαμπτήρ 382, 8. 446, 2.

λανθάνω 408, 13.

λέβης 10, 26. 46, 10. 48, 1. 2.
9, 222, 3. 228, 13. 15. 230,
23. 306, 18.

λεβΞἯὲάρίονδῺὸ, 1. 14. 164, 4. 7.

14, 14. 202, 2. 208, 53 S. auch
εἶπον oben 8153. 154,

λεία, ἡ 113111ὶὲ, Ζ. Β. 286, 14.
294, 12. 346, 3. 358, 11. 362,

3. 374, 4. 382, 4. 394, 11.
416,17 u. 6.

’λεῖος 78, 9. 26. 292, 20. 344, 2.

392, 27. 422, 18. 430, 22.

λειόω 78, 2. 19. 450, 6.
λειπω 274, 25. 364, 24.
λεληθότως 368,19.

λεπίδων 40,11. 168, 8. 192,

22. 196, 1. 254, 2. 380, 28.
442,17. 21. 446, 4.

λεπίς 222, 15. 254, 4. 380, 23.
442, 7. 20. 446, 5.

λετὲτὸομὲρής, 4,12 Α11111.12,3.

λεπτός 11211118, Ζ. Β. 4, 12. 10,

12. 56,18. 90, 6. 114, 3.

152,19. 208,12. 368,13. 432,
9. 448, 9.

λέπτυνσις 10, 27.

λεπτύνω 10, 9. 12, 5.17. 16, 11.
80,15.27.178,15.

λευκός 426,11.

λήγω 14, 5. 7. 146, 18.

ληνός 108, 2. 5. 8.

λίαν 224, 4. 432, 14.

λίθος 6, 20.

λογικῶς 2, 6.

. λόγος 16,18.26. 32, 23. 120,2.

16. 124,19. 128, 2. 6. 338,
13. 410,13. 506, 17.

κατὰ λόγον 344, 9.
πρὸς λόγον 124, 18. 128,
6. 338, 13. 410, 13.

