wbssTEssvERzmchs,

γλωσσίς 96, 12. 29. 98, 2. 12.
100,15. 228, 2. 10. 25. 320,

γλωσσόκομον 196, 5. 198, 5. 13.
200, 2. 5. 14. 380, 30.

γοῦν 4,13. 23. 6, 7. 14, 19.

γούργα 48, 31. Vgl. Ducange
Gloss. med. et infim. latin.
IV, 140: in charta· Friderici Π
Imp. ann. 1229: ducere —
conductum (aquae) im, alias
terras in qwryam suam. S. oben
S. 62. ’γοῢρνα 48, 31 Anm. ==
urna sive concha.

γράμμα 48, 14. 29.

γραμμή 38, 18. 438, 9.

γράφω 2, 15. 28, 13. 340, 6.
342, 5. 364, 9. 412, 5. 416,1.
422, 16. 438, 7. 450, 16 u. 5.

γυμνόω 280, 4. 20. 286, 5.

γωνία 350, 4. 432, 7.

,Δαίμων 360, 6.

δάκτυλος haufig, z, B. 8, 26.
18, 6. 34, 5. 58, 4. 76,19.
166, 9. 200, 16. 350, 9.

δᾶν = δὴ ἄν 420, 9.

Δαναοί 412, 21.

sanam 14, 6. 164, 6. 274, 3.

δεῖ 1131168, z. Β. 16, 3. 18, 24.
68, 5. 106,14. 280, 3. 342,
22. 376, 7.

δείκνυμι 4, 8. 16, 20. 20, 25.
26, 24. 430, 5.

δελφινάριον 438, 7. 10. 11. 16.

δελφινίσκος 438, 18. 440, 1.

δελφίς 414, 9. 438, 1. 448, 8.

δενδρύφιον 186, 7. 190, 3. ὅ.

δεξιός 186, 22. 350, 17. 19.
422, 7. 19. 432, 20.

δεόντως 376, 14.

δεύτερος 40, 1 Anm. 218, 23. 24.

,δέχομαι 1165118, z. Β. 6,23. 64,15.
78,15. 152,6. 156, 5. 304, 20.

151

δέων, ουσα, ον 56, 2. 140, 1.
148, 6. 302, 10. 376, 24.
386, 1. 392, 24. 408, 16.

δή 11311168, z. Β. 10, 12. 162, 6.
254, 9. 362, 15. 400, 6, ἀλλὰ
δή 272, 24, διὸ δή 6, 4.
354, 6, ὃς δή 174, 3, πάλιν
δή 178,14.

δηλαδή 216, 12.

δηλονότι 256, 24. 376, 21.

δῆλος 4, 20. 10,13. 12,1. 118,
16. 402,11. 450, 5 u. 6.

δηλόω 448, 8.

δημιουργέω 342, 3. 354, 5.

δημιούργημα 338, 15.

δημιουρ loc 338, 5

διά m. en. hiiufig, z, Β. 2, 15.
132, 17. 180, 12. 186, 19.
214, 5. 368,17. 370, 3.

— m. Aecus, 6, 19. 10, 23.
12,13. 20,12. 338, 4. 342, 4.
380, 11 11. ὃ.

διὰ τό m. Inf. oder Aoo. c. inf.
4, 22. 76, 7. 148, 4 u. 6.

&amium 132, 7. 408, 10.

διαβήτης 11311ίί8, z. B. 40, 3.
90, 20. 96, 3. 166, 4. 220,17.
256, 15. 304, 6.

πρὸς διαβήτην 146, 4. S.
Her. op. I S. XXXIV.

διαγίγνομαι 410, 15. 414, 2.

διάγω 38, 20. 362, 6.

διαδίδωμι 314, 6.

διάθεσις 2,18. 340,3. 348, 20.
354, 8. 404,16. 408,12. 410,
14. 412, 3. 414, 3. 422, 6 u. 6.

διαιρέω 312, 18. 412, 21.

διάκειμαι 90, 12. 300, 6. 354,
21. 372, 23.

διακόπτω 6, 17.

διαλαμβάνω 4, 2.

διάλειμμα 204, 19. 216, 6. 218,
13. 246,6. 8. 248,11. 420, 21.

διαιείπω 166,19. 168,12. 248,2.

διαλλάσσω 10, 17. 452, 12.

‹nawa› 10, 28. 292, 12.

