150

ἀφομοιόομαι 8,1 Anm.
Ἀχαιός 414, 4.
ἀχανής 442, 8.

ἅχ ρι 30,3. 2’48,9, 272,4. 364, 24.
ἄχρις ἄν ὴᾶυῇς, Ζ. Β. 30, 23,
46, 5. 84, 25. 106, 12. 220, 18.

340,13.35,8 4, 376, 24.

ἅχ ρις οὗ m. Konj. 284, 22,

m. Ind. Fut. 374, 11.

Βάθος 326, 2. 394, 6.
βαθύς 30, 17 Anm.
βαίνωε

16. 378,13.

Βάκχη 352, 3. 14. 23 392, 24.

βαλανεῖον 182,1.
βάλλω 20, 7. 326, 8.

,βαπτίζω 34,11. 50,12. 90,7.

146, 10. 178, 20.278, 18.
,βάπτοᾶ 58, 14. ’.32
βαρέω 294,16. 424,13.
βαρέως 434, 21.

βάρος haufig, z. Β. 10, 7. 36, 9.
108, 6. 180, 7. 232, 14. 342,
23. 388, 8. 408, 20'. 428, 2.

450, 1.

βαρύλλιον 180, 4. 16. 218, 3.

392, 21.

βαρύτερος 30, 17. 108, 12. 178,

23 u. ὃ.
βασιλικός 432, 16.

βάσις haufig, Ζ. B. 80, 6. 88, 4.
186, 7. 226, 11. 318, 19.

350,1. 364, 9. 446,17.
βέλος 186,11.190,11.16.

βέλτιον 202, 9. 274,18. 344,16.

348, 23. 376, 15. 404, 11.

βία 1131158, Ζ. B. 8, 3. 18, 21.
70,10.138,11.

26, 3.
20'0, 11.

βιάζομαι 22,15.19. 188, 12.

342, 15.
βιαιότερος 206, 3.
βέοβέἰέν 12ς, 14. 342, 5.

βέβηκα 50, 2. 94, 3.
192,17. 216,17. 230, 2. 364,

wbssmavsssszmcflms,

βλέπω 96, 1. 430, 20. 442, 12.
444, 2. 450, 10 Anm.

βοή 20, 18 136,13

βουκόλος 328, 8. 14.

βούλομαι 1151168, Ζ. Β. 2, 11.
18,10. 42,15. 64,10. 404,
11. 438, 8.

βράδιον 14, 1.

βραδύς 134, 17, Komp. 46, 22.
52, 10. 27. 29.

βραχύςε βραχύ 1151163, z. B. 40,
12. 104, 3. 172, 1. 224, 7.
264,10, κατὰ βραχύ 14, 5,
βραὲεῑαν 344,19.

βροντη 408, 7. '18. 414,19.

βυθός 22,1’8 22.

βύρσα 408, 21.

βωμίσκος 174,15.16.176,1.
178, 10. 180, 9. 192, 3. 9.
200, 19.

βωμός ὴῆιιῇς, Ζ. Β. 80,4. 180, 2.
214, 2. 262, 4. 350, 22. 382, 2.

Γάλα 352,10. 382, 20. 384,18.
19. 386, 5.

γαμμοειδής 136, 6.

γάστρα 246, 12. 290, 19.

γέ 342, 6.

γεγονέτω 34, 28. 126,10. 150,
10. 158,10. 402, 5 u. 5., γε-
γονώς 130, 24. 352, 19. 376, 6.

γεννάω 306, 14. 16.

γένος 112, 13.

γεώδης 10, 19. 24. 14, 8. 10.

γῆ 10, 13. 12, 2. 5. 7. 10. 14,
11 12. 38,15.

γίγνομαι 8, 6. 126, 17. 174, 22.
198, 24. 302, 7 320,11. 340,
19.374,15.

γιγνώσκω 322,1.

γίνομαι 12,6.11.14,10.11.

γλανξ 90, 13. 94, 1. 7. 14.
96, 14. 20.

γλίσχρος 368, 13.

