178

τρυπημάτιον 56, 18. 66, 14.
152, 14. 226, 16. 260, 13.

430, 10.

τυγᾳάψω 16,14. 294,18. 418, 4.

τυλιον 56, 6. 10.

τύλος 50, 4. 348, 4. 858, 5.
370, 10. 382, 7. 420, 5. 438,

21. 446, 18 ιι. 6.

τυμπάνων 94, 6. 132, 6. 9.
292, 20. 296, 6. 388, 23 ιι. 6.
τύμπανον 162, 9. 214, 11. 300,
18. 35215. 388,17. 408, 22.·

436, 6 u. ὃ.
τύμπανος 326, 4.
τύπτω 6,17. 204, 17. 20.

‘Yozzwog 14, 16. 214, 4. 222,

14. 234, 10.

ὑγρόν, τό 4, 5. 24, 3. 138, 5.

224, 11. 384, 22 ιι. 6.
ὑγρότατος 426, 10.

ὑδάτων 88,10. 90, 2. 22. 226,
21. 264, 9. 278,11. 292, 12.

306,15. 314, 5.
ὑδράργυρος 178, 23.
ὑδραυλικός 192, 2.
ὕδραυλις 130, 15.

ὕδριος 2, 13. 456, 1. 506, 2. 25.
ὕδωρ h'itufig, z. B. 2, 16. 10,
25. 18, 5. 124,17. 352, 10.
ὑέλινος 8, 23. 234, 8. 236,1. 7.
17. 238,14. 240‚15. 242, 4. 6.

ὑελος 216, 12.

mm 14,16. 16,13. 15. 94, 26.

216, 11. 252, 12. 382, 10.

ὑπάγω 338, 16. 342, 2. 346, 2.
352, 7. 354, 6. 404, 5. 410, 8.

412, 1 ιι. 6.
ὑπάλληλά 150, 27.

ὑπάρχω Ιιᾶυῆς, z. B. 2, 8. 58, 8.
86,6. 116, 9. 124,16. 174, 8.

210,1. 328,16. 342, 16.

ὑπέρ m. Aecus. haufig, z. B.
114, 26. -86,10. 186, 4. 414, 15,

m. Gen. 314, 17.
ὑπεραναβαίνω 314, 13.

wbn'rlfflvnsszmcums.

ὑπεράνω 24,1. 100, 24. 142, 5.
290, 10. 304, 2.

ὑπερβαίνω 278, 11.

ὑπερβάλλω 86, 14.

ὑπερβλύζω 84, 13. 138, 4. 7.
258, 15.

ὑπερεκβλύζω 258, 31.

ὑπερεκχέω 26, 4.

ὑπερέχω 11ὲαῦ8, z. B. 18, 6.
24, 9. 50, 6. 136,18. 140,13.
258, 1. 886, 22. 424, 1.

ὑπερθύριον 434, 12.

ὑπέρθυρον 448, 16. 17.

ὑπερκαχλάζω 308, 3.

ὑπέρκειμαι 216, 9. 23. 322, 13.
398, 6.

ὑπεροχή haufig, z. B. 42, 5.
46, 7. 86, 4. 104, 8. 184,1.
266, 16. 388, 7.

ὑπερπλεονάζω 76, 14. 32.

ὑπερχέω 42, 17. 168, 20. 170, 12.

ὑπισχνέομαι 408, 5.

ὑπό 111.Α60118. haufig, z. B. 4, 7.
24, 10. 114, 4. 150, 24. 160,
19. 266, 23. 340, 19. 406,1,
m. Gon. 6, 11. 10, 11. 136,
5. 248,14. 330, 8. 342,14.

medam 122, 8. 188, 9.

ὑπογράφω 280, 11. 438, 3.

ὑπόδειγμα 222, 13.

machelmum 354,15. 392, 23.
400,12. 506, 24.

ὑποδέχομαι 120, 18. 140, 22.

ὑπόθεσις 410, 20.

ὑποκαθίζω 274, 2.

&aenaim 10, 26. 222, 3. 228,13.

ὑποκάτω 68, 8. 136, 8. 220, 1.
384, 12. 428, 7.

ὑπόκειμαι Ιιῆυῑις, z. Β. 24, 14.
36,10. 94, 11. 108, 2. 218,
17. 276, 3. 350, 6. -432, 10.

ὑποκολλάω 148, 11. 266, 24.
434, 6.

ὑπολαμβάνω 4, 10. 6, 4. 11.
8, 1. 24, 2.

ὑπολείπει) 22, 1.

