wblzmffvmz'zfflCHmS.

π’λατυσμοὲτιον 110, 20. 112, 4.

196,1.15. 202, 7. 204, 10.

15. 20. 242, 15. 244, 7.
α 392, 5. 12. 20.

πλεῖων 1131168, z. B. 12, 9. 64,
4.106, 20. 178, 10. 286, 9.

344,17.
πλεονάζω 434, 5.

πλεονάκις 76, 4. 23. 90,16. 102,
11. 150,12. 29. 244,·8. 252, 5.
344, 15. 360, 4. 400, 2. 410,18.

πλευρα 76, 19. 78, 8. 25. 326, 4.
356, 6. 364, 10. 17. 18. 368,

2. 5. 438,13.
πλέω 414, 13.

πλέων 32', 4. 64, 14. 142, 8.
160, 7. 266, 8 306,15 u. 6.'

πληγή 340, 18.

πλῆθος 4, 15. 16. 20, 23. 434, 22.
πλήν m. Gen. 404,17 414, 6.

430, 24.
πλη ν ssu 188,1. 452,12.

πλήρης nhaufig, Ζ. Β. ’,4 10. 26,
4. 30,.4 40,.5 74,'20. 88,
18. 106, 21. 232, 16. 252, 1.

πληρόω hau'fig, Ζ. Β. 4, 22.
30. 2. 62, 5. 96, 5. 172, 10.

210, 5. 272, 9. 434, 5.

πλήὲωσις 92,5. 13. 240, 23.

πλινιξίὸξξν 80,1.

πλινθίον 76, 28. 80, 18. 346,
12. 354,17. 360, 3. 366, 2.
370, 4. 7. 396, 20. 416, 3 11.ὃ.

πλοῖον 434, 2.2
πλοκή 392, 6
πλοῦς 432,1.

πνεῦμα 6, 5. 6. 9. 12,16. 18,

11. 20, 8. 264, 12
πνευματικοὶ, τά 28,19.
πνευματικός 2, 4. 40, 2 Anm.
πνέω 206, 3.

πνιγεύς 98,7. 100, 2. 5. 13. 27.
192,5.196,16(21113.1), 202,

1.6..9 300,1..21421. 302,1.
πνικτικός 40, 2 Anm.

171

πῑνικτός 40, 20. 42, 20. 84, 11.
90, 19. 94, 12. 25. 96, 3. '17.
136,17. 276,11.

πνικτῶς 264, 6.

ποιέω 1121168, z. Β. 20, 2. 92, 5.
112, 18. 340, 17. 348, 12.
354, 9. 360, 4. 368, 8. 380, -24,
m. Infln 50, 20. 24. 29. 96,
19. 220, 26. 278, 14, m. ὥστε
148, 7.

ποίησις 410, 9.

ποικίλος 2,18. 28,14. 338, 4.
342, 6. 404, 15

πολεύω 356, 6. 372, 2.

= πολλάκις 360, 2. 412, 6. 414, 8.

πολύς 11511118, z. B. 4, 9. 14, 9.
20, 8. 28, 18. 36, 6. 108, 16.
244, 12. 414, 1.

πορεία 346, 16. 354,11. 358, 6.
362, 4. 366, 1. 368, 7. 372,
16. 380, 12. 382, 5. 396, 20
u δ.

πορεύομαι 358,13. 16. 360, 3.
368, 2. 374, 7. 376,11.
382,12.

πόρος 26, 3. 252, 13. 31.

ποσαπλασιος 456,14. 506,15.

ποσός 10, 22.12,13.14,24.
222, 19. 226, 8. 244, 4.

πότε 316,1.

πότε μέν - πότε δέ - ansts δέ
320,14-15.

ποτέ 28,10. 38,13Anm.

ποτήριον 136,12.138,11. 140,
2. 5. 146, 9. 276, 4. 278,14.
332, 5.

πού 2'0, 2.

πούς 138, 2. 350, 21.

πρᾶγμα 430, 5.

πραγματεία 2, 4. 338, 3. 440,

πραγματεύὸμαι 4,11. 404, 6.

πραέως 348,15.

πράως 420, 20.

πρίζω 340,16. 412, 23.

πρίν 326, 6. 444, 1.

