wbssTEvamzmcfflHS.

ὑπομένω 70, 14.

ὑπομήκης 448, 15.

ὑπόνοια 354, 5. 8.

ὑποπήγνυμι 416, 8. 424, 11.

&aalma 100, 11.

ὑποσανίδιον 450, 5.

ὑποσπάω 276, 6. 278, 7. 280, 2. 3.

ὑποσπείρων 70, 16. 29. Zur Be-
deutung desWOrtes vgl. fiber
σπεῖρα Heron Def. 98: σπεῖρα
γίνεται, ὅταν κύκλος ἐπὶ κύ-
ξλου τὸ κέντρον ἔχων ὀρθ-ὸς
353⁶{22022‘2226’2‘2'2d23f2‘6
αὐτὸ πάλιν ἀποκατασταθῇ·
τὸ δὲ αὐτὸ τοῦτο καὶ κρίκος
καλεῖται, und Procl. in I. Eucl.

ὑποστρέφω 432, 22. [119, 9.

ὑπόσχεσις 340, 1. 408, 11. 12.

ὑποφράσσω 432, 5.

ὑποχωρέω 18, 19. 20, 8.

ὑσπλήγγιον 424,8.9.12. 13. 436,4.

ὕσπληγξ 344, 23. 24. 346, 3. 13.
15. 424, 11. 25.

ὕστερον 348, 11.

ὑψηλός 186, 4.

ὕψος 70, 9. 104, 11. 134, 15.
246, 20. 350, 2. 5. 8. 392, 27.
396, 21. 400, 17. 432, 17.

Φαίνομαι ᾎὲηώς, z. B. 4, 7. 16,
18. 64, 10. 216,18. 236, 21.
270, 4. 340, 8. 348, 21. 412, 4.

φακοειδής 356, 1. [436, 1.

φανερός 8, 21. 22, 10. 24, 9.
26, 6. 42, 23. 50, 26. 76, 7.
286,1. 354,14. 368, 17.

φαντασία 136, 13, 450, 8.

φάσκω 506, 19.

φαύλως 404, 16.

(pende 108, 4. 7.

φέρω ᾎᾶαίὶς, z. B. ΑΜ. 60, 13.
94, 23. 110, 4. 204, 3. 224, 5.

179

φθέγγομαι 88, 8. 90, 15. 92, 6.
190,15. 198, 2. 200,15. 202,
4. 280, 9. 282, 10. 300, 4.

φθειρω 10, 9. 11. 13. 25. 16,10.

φθογγάριον 320, 2. 5.

φθορά 10, 20.

φιαλίὸιον 82, 1. 5.

φιάλιον 80, 11. 142, 1. 158, 6.
160, 3. 272, 4 u. 5.

φιαλοειδής 274, 21.

φιλόσοφος 2, 5.

Φίλων 404, 13. 408, 10.

φλόξ 14, 22. 382, 8. 15. 442,
15. 19. 22. 444, 3. 5.

φόβος 330, 9.

φορά 8, 14. 10, 3. 23. 14, 7.
3ο,12. 38, 8. 70,11. 236, 23.

φράσσω 62, 22. 26. 106, 5.

φρέαρ 32, 12. 15.

φυλάσσομαι 354, 7.

φυλάττω 456, 11. 506, 11.

φυσάω 304, 11. 12. 306, 13. 16.
22. 312, 15. 322, 4.

φυσητήρ 132, 21. S. Blflmner Π

φυσικῶς 22, 15. [191 f.

φύσις 113111118, z. B. 4, 11. 26,
26. 94, 26.

κατὰ φύσιν 4, 3. 14, 3. 16,
22. 28, 9. 32, 19.

παρὰ φύσιν 8, 13. 20, 12.
30, 11. 36, 22. 38, 7. 70,
11. 236, 22 u. 6.

φωνή 88, 3. 90,1. 92, 5. 96, 6.
216, 6. 300, 2. 316, 16. 320,
3 u. δ.

φῶς 24, 24. 26, 17.

φωτίζω 26, 19.

Χαλάω 128, 20. 180, 6. 224,18.

χάλασμα 348, 11. 368, 9. 372,
8. 374, 9. 376, 1. 380, 8.
382,17. 384, 23. 396, 3. 402,
16 u. δ.

306, 7, Med. n. Pass. 12, 15. χαλασμάτιον 368, 23. 402, 10.
68, 9. 100, 13. 220, 23. 376, χάλκεος 14,16Anm. 56,16. 76,

27. 382, 15. 408, 20.

18. 148, 3. 192, 3.
12*

