172

355. 1. ³f4t1¹36⁷⁶1⁹5 ιι 112·
96, 15. 402, 13. ’ ’
προαιρέομαι 46, 20. 58,15. 60,

7. 64, 2. 152, 4. 342, 7. 352,
4. 360, 5. 330, 3 ιι. 6.
προαναγράφω 2, 14.
προαποδείκνυμι 43, 23 Anm.
προβασανίζω 344, 18.
πρόβλημα 410, 10.
προγράφω 366, 6. 372, 21.
προδείκνυμι 42, 23.
προεγχέω 68, 13. 28. 70, 3. 21.
100, 17. 102, 13.
πρόειμι 320, 5. 11.
προεισκρίνω 21, 18 Anm. 22, 5.
προεμβάλλω 264, 9.
προερείδω 19, 15 Anm.
προέχω 430, 3.
πρόθεσις 338, 13.
προθεωρέω 28, 17.

προΐημι 58, 9. 60, 6. 64, 3. 66,
5. 68,16. 70, 5. 280, 9. 232,

6. 314, 10 ιι. 6.
προκαταλαμβάνω 70, 4.
προκατασκευάζω 94, 2. 16. 456, 8.
προκατεισδύνω 6, 22.
πρόκειμαι 72, 9. 124, 11. 128, 3.

132, 2. 222,22. 333,13. 340,

12. 344, 9. 360, 2, 376, 7.

προλέγω 2, 15. 20, 25. 52, 3.
142, 9. 196,15. 343,21. 440,
14 u. 6.

προμηχανάομαι 434, 23.

πρός m. Gen. 2, 5, m. Dat.
33, 3. 103, 5. 192, 6. 202,
10. 346, 5. 370, 1. 408, 6
u. 6., m. Aecus, 8, 13. 12, 24.
108, 1. 178, 1. 342, 3 ιι. 6.

πρὸς τὸ m. Inf. haufig,

z. Β. 136, 5. 202, 3. 314,1.
342, 7. 392, 22 ιι. 6.

προσαγκυλόω 346, 7. 16.

προσάγω 20,14. 140, 20. 270, 6.
333,11.

ΨὸΒΤΕΒνΕΒΖΕΙοΗΝΙε.

προσαναβαίνω 228, 7. 234, 9.
236, 6. 16. 233, 3. 240, 12.
248, 9. 272,14. 298, 3.

προσαναβιβάζω 276, 19.

προσαναγράψω 2, 14 Anm.

προσαναπληρόω 270, 22.

προσαπονέμω 450, 19.

προσαποχρώννυμι 452, 1.

προσάπτω 294, 6. 426, 15.

προσαραρώς 346, 8. 436, 9.

προσβάιιω 456, 10.

προσγράφω 426, 15 Anm.

προσδεῖται 400, 4.

προσδέω 346, 6. 430,14.

πρόσειμι 340, 22 (προσιόντος).

πρόσειμι 424, 21 (προσόντα).

προσεισκρίνω 20, 3. 8. 18.

προσεκκρίνω 21, 3 Anm.

προσενόω 262, 11.

προσεπισπάω 10, 7.

προσεπιχέω 42, 16.

προσερείδω 8, 16. 18, 15.

προσέρχομαι 8, 4. 22, 12.

προσευρίσκω 2, 10.

προσέχω 348, 15.

προσήκω 4, 6. 422, 13. 446, 18.

προσηλόω 346, 7.

προσκαθίζω 422, 20.

πρόσκειμαι 54, 2. 72, 23. 146, 7.
172, 9. 204, 7. 246,15. 274, 20.
304,13. 422, 7. 432,10 ιι. 6.

προσκοινόω 132, 8.

προσκολλάω 54, 4. 150, 2. 158,
4. 322, 12. 348, 13. 358, 20.
420, 14. 432, 19. 434, 11.
448,19 u. 6.

προσκόπτω 26, 9.

προσκρίνω 20, 3 Anm.

προσλαμβάνω 18, 8.

προσμκύσσω 162, 5.

προσπαράκειμαι 170, 3.

προσπίπτω 26, 11. 422, 9.

προστίθημι 8, 18. 54, 10. 222,
13. 252, 1. 254, 6. 274, 17.
426, 12. 442, 2 ιι. 6.

προστρίβω 56, 10.

